0,21
0,31
0,42
0,186
0,281
0,311
0,399
0,445
0,487
0,488
0,498
0,524
0,557
0,580
0,583
0,605
0,642
0,643
0,653
0,713
0,720
0,738
0,790
0,803
0,806
0,809
0,817
0,822
0,827
0,880
0,883
0,905
0,1010
0,1028
0,1053
0,1073
0,1144
0,1173
0,1175
0,1196
0,1199
0,1212
0,1217
0,1218
0,1250
0,1255
0,1287
0,1290
0,1298
0,1305
0,1314
0,1317
0,1321
0,1341
0,1344
0,1348
0,1349
0,1350
0,1366
0,1393
0,1434
0,1460
0,1503
0,1509
0,1553
0,1556
0,1557
0,1558
0,1559
0,1560
0,1564
0,1570
0,1571
0,1574
0,1586
0,1602
0,1612
0,1617
0,1619
0,1625
0,1632
0,1639
0,1654
0,1689
0,1690
0,1692
0,1696
0,1746
0,1748
0,1752
0,1754
0,1811
0,1813
0,1835
0,1861
0,1862
0,1909
0,2059
0,2117
0,2122
0,2131
0,2143
0,2195
0,2233
0,2248
0,2301
0,2324
0,2336
0,2340
0,2342
0,2346
0,2353
0,2366
0,2368
0,2374
0,2396
0,2401
0,2402
0,2426
0,2433
0,2469
0,2479
0,2492
0,2524
0,2525
0,2570
0,2572
0,2606
0,2610
0,2639
0,2655
0,2666
0,2681
0,2702
1,2057
1,2149
2,4
2,5
2,9
2,113
2,116
2,118
2,126
2,167
2,414
2,432
2,434
2,667
2,846
2,1398
2,1851
2,1901
2,1933
2,1994
2,2002
2,2090
2,2203
2,2209
2,2244
2,2317
3,116
3,122
3,244
3,301
3,413
3,420
3,477
3,478
3,525
3,774
3,1077
3,1211
3,1398
3,2065
4,2
4,87
4,121
4,435
4,541
4,846
4,2137
5,2
5,262
5,541
5,1400
5,1518
5,1530
5,1856
6,88
6,91
6,200
6,226
6,728
6,1574
6,2301
7,2206
8,598
8,786
8,812
8,1237
8,1716
8,2544
8,2546
9,2
9,121
9,182
9,575
9,1657
10,666
11,12
11,364
11,1915
11,2112
12,11
12,837
12,1639
12,1686
12,2005
13,111
13,121
13,123
13,202
13,207
13,240
13,301
13,326
13,350
13,502
13,524
13,706
13,1020
13,1127
13,1200
13,1361
13,1391
13,1640
13,1901
13,2095
13,2117
13,2127
14,15
14,494
14,624
14,1971
14,2145
14,2561
14,2583
15,14
15,104
15,106
15,238
15,243
15,246
15,384
15,457
15,494
15,508
15,602
15,668
15,727
15,786
15,860
15,1004
15,1107
15,1278
15,1396
15,1477
15,1567
15,1695
15,1785
15,1795
15,1851
15,1971
15,2055
15,2181
15,2219
15,2257
15,2276
15,2319
15,2384
15,2545
15,2583
15,2595
16,42
16,531
16,1001
16,1214
16,2016
16,2099
17,18
17,80
17,251
17,332
17,418
18,17
18,80
18,332
18,418
18,1001
18,2326
18,2358
19,80
19,332
19,418
19,2624
20,22
20,1920
20,1970
20,2180
20,2403
20,2682
21,0
21,22
21,557
21,582
22,20
22,21
22,1153
22,2682
23,505
23,582
23,2018
23,2079
24,176
24,183
24,1281
24,1593
25,902
25,1060
25,1916
25,1993
26,109
26,137
26,560
26,658
26,690
26,1916
27,87
27,151
27,152
27,258
27,312
27,339
27,393
27,639
27,711
27,824
27,825
27,854
27,881
27,936
27,1099
27,1179
27,1298
27,1338
27,1512
27,1527
27,1529
27,1598
27,1693
27,1922
27,2041
27,2385
27,2544
27,2547
28,162
28,164
28,358
28,369
28,370
28,371
28,389
28,544
28,608
28,739
28,786
28,814
28,820
28,841
28,972
28,1047
28,1097
28,1109
28,1159
28,1160
28,1268
28,1389
28,1395
28,1397
28,1529
28,1544
28,1669
28,1758
28,1761
28,1859
28,1875
28,1889
28,1890
28,1893
28,1894
28,1895
28,1908
28,1917
28,1966
28,1996
28,2089
28,2135
28,2138
28,2145
28,2147
28,2153
28,2182
28,2198
28,2222
28,2246
28,2258
28,2357
28,2490
28,2491
28,2548
28,2562
28,2591
28,2693
29,111
29,121
29,247
29,421
30,92
30,262
30,348
30,1203
30,1449
30,1514
30,1517
30,1526
30,1614
30,1991
30,2046
30,2096
30,2191
30,2227
30,2250
31,0
31,175
31,542
31,737
31,817
31,874
31,1083
31,1753
31,1943
31,2469
31,2525
31,2532
31,2570
33,84
33,85
33,150
33,475
33,620
33,2161
33,2176
33,2541
34,355
34,411
34,504
34,593
34,2319
35,42
35,2150
35,2186
35,2665
36,503
36,1086
36,1397
36,2049
36,2065
37,39
37,40
37,60
37,62
38,51
38,59
39,37
39,60
39,61
39,2024
39,2099
40,37
40,2647
40,2659
40,2660
41,42
41,2301
42,0
42,16
42,35
42,41
42,810
42,1316
42,2211
42,2642
42,2645
43,530
43,760
43,1127
43,1214
43,1374
43,2131
43,2210
43,2624
43,2660
44,74
44,158
44,612
44,1003
44,1398
44,1918
44,2013
44,2050
44,2063
45,1918
45,2281
45,2476
46,202
46,549
46,766
46,980
46,1040
46,1089
46,2022
47,151
47,152
47,312
47,373
47,393
47,517
47,613
47,614
47,615
47,702
47,716
47,755
47,1034
47,1224
47,1592
47,1598
47,1599
47,1911
47,2000
47,2020
47,2076
47,2200
47,2227
47,2252
47,2330
47,2651
48,109
48,442
48,670
48,710
48,899
48,1119
48,1135
48,1198
48,1281
48,1384
48,1406
48,1946
48,2086
48,2174
48,2186
48,2217
49,398
49,638
49,1198
49,1221
49,1492
49,1961
49,2039
49,2077
49,2186
49,2273
49,2294
49,2590
50,52
50,884
50,1253
50,1265
50,1335
50,1442
50,1579
50,1813
50,1815
50,1816
50,1843
50,2162
50,2425
50,2554
50,2584
51,38
51,160
51,766
51,1131
51,1281
51,2232
52,50
52,174
52,880
52,1209
52,1253
52,1267
52,1268
52,1442
52,1577
52,1578
52,1579
52,1591
52,1677
52,1680
52,1815
52,1816
52,1980
52,2118
52,2119
52,2162
52,2280
52,2421
52,2425
52,2481
52,2507
52,2517
52,2518
53,54
53,55
53,102
53,170
53,780
53,1399
53,2245
54,53
54,55
54,885
54,1107
54,1301
54,1399
54,1495
54,1561
54,2040
54,2042
54,2140
54,2142
54,2205
54,2519
55,53
55,54
55,885
55,1301
56,233
56,751
56,780
56,2125
56,2255
57,1058
57,1200
57,2023
58,96
58,282
58,333
58,456
58,1244
58,1548
59,38
59,810
59,929
59,930
59,1238
60,37
60,39
60,61
60,999
60,1995
61,39
61,60
61,82
61,743
61,930
62,37
62,908
62,918
62,930
62,1496
62,2611
63,100
63,1003
63,1334
63,2070
63,2082
64,65
64,100
64,286
64,915
64,1002
64,1003
64,1043
64,1112
64,1372
64,1376
64,1466
64,1531
64,1704
64,2012
64,2454
65,64
65,100
65,286
65,915
65,1278
65,1376
65,1466
65,1531
65,2613
66,711
66,977
66,1269
66,1906
67,138
67,140
67,156
67,499
67,613
67,1047
67,1158
67,1331
67,1464
67,2004
67,2076
67,2236
67,2243
67,2403
67,2600
67,2653
68,185
68,355
68,515
68,533
68,553
68,740
68,971
68,1120
68,1401
68,1472
68,1536
68,1769
68,1985
68,2166
68,2313
68,2351
68,2417
68,2487
68,2509
69,917
69,1119
69,1898
69,1939
69,2141
69,2497
70,1119
70,2497
70,2642
71,117
71,157
71,289
71,370
71,381
71,382
71,390
71,409
71,448
71,468
71,483
71,501
71,509
71,602
71,608
71,637
71,680
71,806
71,814
71,841
71,847
71,874
71,887
71,1012
71,1064
71,1165
71,1440
71,1446
71,1479
71,1485
71,1698
71,1770
71,1885
71,1889
71,1909
71,1985
71,2007
71,2044
71,2055
71,2061
71,2298
71,2308
71,2318
71,2357
71,2361
71,2428
71,2431
71,2491
71,2502
71,2599
71,2615
71,2700
72,131
72,181
72,184
72,198
72,304
72,382
72,533
72,534
72,535
72,537
72,696
72,733
72,912
72,1151
72,1203
72,1303
72,1314
72,1388
72,1414
72,1998
72,1999
72,2019
72,2133
72,2164
72,2301
72,2355
72,2476
72,2648
73,344
73,349
73,715
73,1515
73,1998
73,2281
73,2355
74,44
74,76
74,612
74,715
74,983
74,1328
74,1506
74,1900
74,1939
74,2141
74,2304
75,1694
75,2141
75,2534
75,2678
76,74
76,77
76,272
76,958
76,1646
76,2304
77,76
77,407
77,609
77,798
77,948
77,1614
77,1898
78,515
78,878
78,1000
78,1898
78,2081
78,2434
79,453
79,454
79,471
79,1367
79,1406
79,1419
79,1877
79,1937
79,2087
80,17
80,18
80,19
80,1195
80,1214
80,1374
81,99
81,353
81,771
81,1933
82,61
82,2155
83,84
83,396
83,417
83,916
84,33
84,83
84,150
84,210
84,242
84,243
84,475
84,504
84,520
84,586
84,657
84,739
84,741
84,747
84,961
84,969
84,1122
84,1362
84,1388
84,1470
84,1798
84,1891
84,1938
84,1939
84,1954
84,2055
84,2062
84,2077
84,2118
84,2145
84,2505
84,2506
84,2560
84,2627
85,33
85,476
85,586
85,952
85,1271
85,1850
85,1951
85,2264
85,2558
85,2561
85,2588
86,1919
87,4
87,27
87,111
87,113
87,117
87,118
87,120
87,121
87,122
87,260
87,261
87,420
87,421
87,514
87,977
87,1010
87,1122
87,1185
87,1355
87,1669
87,1675
87,1901
87,1920
87,2072
87,2128
87,2146
87,2177
87,2238
87,2357
87,2413
87,2416
88,6
88,221
88,1223
89,151
89,1031
89,1459
89,1486
89,2334
90,94
90,313
90,814
90,1471
91,6
91,192
91,200
91,222
91,228
91,388
91,577
91,901
91,1098
91,1900
91,1904
91,2043
92,30
92,302
92,1487
93,170
94,90
94,222
94,362
94,527
94,710
95,1003
95,1119
95,2039
95,2235
95,2273
96,58
96,97
96,98
96,193
96,333
96,412
96,1514
96,1572
97,96
97,99
97,412
97,1327
97,1431
97,2250
97,2263
97,2383
98,96
98,99
98,412
98,1139
98,2250
99,81
99,97
99,98
99,637
99,2250
100,63
100,64
100,65
100,361
100,796
100,927
100,1002
100,1041
100,1409
100,1478
100,1531
100,1984
101,1012
101,1014
101,1015
101,1049
101,2618
102,53
102,778
102,885
102,1045
102,1093
102,1301
102,2040
102,2205
102,2245
102,2257
102,2518
103,1558
103,1980
103,2423
104,15
104,1247
104,1317
104,2384
105,481
105,645
105,787
105,1907
106,15
107,1081
107,1526
107,1594
107,1922
108,181
108,737
108,828
108,1652
108,1922
108,2000
108,2039
108,2075
109,26
109,48
109,228
109,229
109,236
109,406
109,672
109,712
109,1432
109,2035
110,1313
110,1780
110,1783
110,1784
110,1787
110,2506
110,2691
110,2692
111,13
111,29
111,87
111,112
111,121
111,122
111,1087
111,1185
111,2028
111,2043
111,2413
112,111
112,1361
112,2689
113,2
113,87
113,121
113,122
113,2350
114,127
114,148
114,336
114,876
114,977
114,1020
114,1075
114,2015
114,2090
115,165
115,293
115,334
115,414
115,595
115,1094
115,1126
115,2002
115,2154
115,2413
116,2
116,3
116,635
116,822
117,71
117,87
117,121
117,122
117,209
117,328
117,409
117,1034
117,1664
117,1985
117,2254
117,2562
118,2
118,87
118,122
118,427
118,1108
118,1454
118,1901
118,1915
118,2254
118,2637
119,172
119,189
119,434
119,525
119,865
119,957
119,958
119,1152
119,1225
119,1436
119,2047
120,87
120,121
120,424
120,710
120,1708
120,2254
120,2682
121,4
121,9
121,13
121,29
121,87
121,111
121,113
121,117
121,120
121,126
121,127
121,165
121,240
121,262
121,298
121,334
121,336
121,413
121,414
121,420
121,432
121,434
121,507
121,667
121,846
121,977
121,1020
121,1086
121,1185
121,1194
121,1236
121,1354
121,1361
121,1408
121,1450
121,1635
121,1640
121,1671
121,1675
121,1782
121,1851
121,1986
121,2002
121,2006
121,2015
121,2028
121,2032
121,2047
121,2069
121,2090
121,2092
121,2095
121,2121
121,2127
121,2199
121,2203
121,2238
121,2275
121,2289
121,2344
121,2382
121,2386
122,3
122,87
122,111
122,113
122,117
122,118
122,127
122,135
122,262
122,368
122,409
122,420
122,430
122,525
122,851
122,868
122,881
122,977
122,1077
122,1160
122,1400
122,1669
122,1994
122,2059
122,2169
122,2390
122,2416
122,2619
123,13
123,769
123,912
123,2244
124,1251
124,1901
124,2128
124,2177
124,2289
125,207
125,237
126,2
126,121
126,127
126,424
126,977
126,1795
127,114
127,121
127,122
127,126
127,427
127,1214
127,1400
127,1508
128,206
128,603
128,1579
128,1606
128,2295
128,2410
129,173
129,337
129,475
129,740
129,2158
129,2166
130,343
130,2053
130,2227
130,2261
131,72
131,140
131,198
131,537
131,584
131,733
131,1203
131,1480
131,1514
131,2174
131,2534
131,2601
131,2608
131,2631
131,2648
132,1414
132,1516
132,2163
132,2313
133,1203
133,2113
134,1992
134,2103
135,122
135,136
135,201
135,433
135,2275
135,2385
136,135
136,301
136,1350
136,1789
136,1869
136,1879
136,1932
136,2386
137,26
137,197
137,236
137,825
137,1923
137,2006
138,67
138,173
138,354
138,945
138,1142
138,1552
138,1599
139,196
139,329
139,616
139,812
139,1149
139,1404
139,1459
139,1464
139,2646
140,67
140,131
140,153
140,355
140,740
140,1992
140,2158
141,355
141,711
142,144
142,1405
142,2093
143,1492
143,2281
144,142
144,504
144,678
144,890
144,1405
144,1529
144,2183
145,1830
145,2012
146,520
146,1101
146,1356
146,1363
146,1379
146,1439
146,1481
146,2305
147,450
147,520
147,617
147,618
147,1356
147,1364
147,1439
147,1979
147,2264
148,114
148,149
148,242
148,795
148,1091
148,1476
148,2284
149,148
149,241
149,242
149,270
149,1124
149,1318
149,1476
149,1479
149,1777
149,2192
149,2284
149,2496
149,2592
149,2690
150,33
150,84
150,1470
150,1476
150,1667
150,1740
150,1741
150,1964
150,2176
150,2449
150,2541
151,27
151,47
151,89
151,577
151,1030
151,1031
151,1486
151,1534
151,1717
151,2664
152,27
152,47
152,156
152,345
152,755
152,1158
152,1369
152,2463
153,140
153,660
153,661
153,662
153,1423
153,2152
153,2216
154,701
154,895
154,897
154,1269
154,1369
154,2000
154,2165
155,389
155,701
155,702
156,67
156,152
156,1423
157,71
157,1367
158,44
158,640
158,727
158,1043
158,1385
158,2062
158,2077
159,797
159,1194
159,2259
160,51
160,276
160,646
160,1225
161,162
161,2564
162,28
162,161
162,198
162,328
162,973
162,1856
163,186
163,322
163,1856
164,28
164,328
164,907
165,115
165,121
165,336
165,1398
165,1986
165,2025
165,2065
165,2121
165,2199
165,2209
166,438
166,866
166,869
166,1071
166,1417
166,2005
166,2656
167,2
167,375
168,798
168,799
168,1051
168,1058
168,1378
169,848
169,1378
169,1456
169,2124
169,2467
169,2641
170,53
170,93
171,398
171,913
171,944
171,1090
171,1939
171,2273
172,119
172,435
173,129
173,138
173,354
173,355
173,453
173,568
173,613
173,614
173,615
173,647
173,689
173,711
173,825
173,878
173,1017
173,1419
173,1647
173,2054
173,2076
173,2354
173,2512
173,2669
174,52
174,677
174,736
174,778
174,1029
174,1663
174,2518
175,31
175,176
175,1118
175,1517
175,1819
176,24
176,175
176,663
176,1148
176,1256
176,1819
177,237
177,392
177,638
177,948
177,1135
177,1254
177,2174
178,512
178,1135
178,1685
179,523
179,1630
179,1924
180,912
181,72
181,108
181,207
181,912
181,1924
182,9
182,204
182,208
182,403
182,630
182,671
182,825
182,836
182,892
182,912
182,1131
182,1408
182,1974
182,2221
183,24
183,1457
184,72
184,373
184,715
184,2664
185,68
185,781
186,0
186,163
186,189
186,1441
186,1653
186,1752
186,1860
186,2394
187,189
187,1143
187,1196
187,1441
187,1956
187,2299
187,2620
187,2667
188,189
188,310
188,589
188,1653
188,1746
188,1754
188,2089
188,2665
189,119
189,186
189,187
189,188
189,240
189,1161
189,1653
190,1740
190,1937
190,2526
190,2555
191,427
191,785
191,900
191,901
192,91
192,200
192,900
192,2022
193,96
193,1295
193,1926
194,272
194,467
194,1149
194,1687
194,1854
194,2424
195,790
195,792
195,794
195,1410
195,2242
196,139
196,1034
196,1036
196,2412
196,2633
197,137
197,223
197,444
198,72
198,131
198,162
198,200
198,279
198,304
198,344
198,537
198,695
198,696
198,824
198,939
198,1079
198,1102
198,1220
198,1327
198,1527
198,1693
198,1822
198,2019
198,2293
199,436
199,674
200,6
200,91
200,192
200,198
200,225
200,226
200,728
200,734
200,980
200,1291
200,2111
201,135
201,202
201,203
201,208
201,282
201,1306
201,2025
201,2046
201,2087
201,2144
201,2253
201,2503
202,13
202,46
202,201
202,766
202,828
202,1040
202,1142
202,1838
202,2374
203,201
203,2253
204,182
204,357
204,555
204,936
204,1172
204,1215
204,1935
204,2223
205,462
205,464
205,515
205,568
205,1137
205,1191
205,1927
205,2034
205,2390
205,2417
206,128
206,712
206,738
207,13
207,125
207,181
207,208
207,349
207,453
207,592
207,851
207,1150
207,1647
207,2134
207,2145
207,2644
208,182
208,201
208,207
208,313
208,333
208,1294
209,117
209,1610
209,1928
210,84
210,539
210,778
210,1146
211,383
211,425
211,1184
211,2486
212,214
212,374
212,1560
213,216
213,1657
214,212
214,343
214,499
214,1526
214,1594
214,2331
214,2653
215,2343
216,213
216,569
216,575
216,1219
216,1874
217,374
217,425
217,710
217,796
217,1492
218,341
219,226
219,227
219,236
219,340
219,341
219,1075
220,222
220,229
220,230
220,2034
220,2104
221,88
221,834
221,1904
222,91
222,94
222,220
222,228
222,440
222,441
222,442
222,443
222,710
222,859
222,1093
222,1098
222,1240
222,1373
222,1384
222,1471
222,2003
222,2193
222,2217
222,2649
223,197
223,391
223,2637
224,527
224,627
224,728
224,2026
224,2104
224,2498
225,200
225,279
225,2228
226,6
226,200
226,219
226,227
226,236
226,406
226,2005
226,2322
227,219
227,226
227,340
227,341
227,2228
228,91
228,109
228,222
228,236
228,662
228,728
228,785
228,1942
228,2111
229,109
229,220
229,2121
230,220
230,516
230,894
230,2034
230,2104
230,2485
231,340
231,341
231,1075
231,1240
231,2228
231,2595
232,1259
232,1832
233,56
233,921
233,1096
233,1227
233,1444
233,1452
233,2255
233,2460
233,2668
234,290
234,292
234,658
234,1445
234,2266
234,2401
235,288
235,752
235,995
236,109
236,137
236,219
236,226
236,228
236,288
236,340
236,341
236,580
236,627
236,728
236,897
236,1099
236,1944
236,2482
237,125
237,177
237,288
237,293
237,443
237,1278
237,1542
237,2058
237,2493
238,15
238,355
238,511
238,913
238,1385
238,1396
240,13
240,121
240,189
240,422
240,575
240,651
240,653
240,656
240,694
240,699
240,812
240,836
240,1028
240,1250
240,1461
240,1561
240,1913
240,1963
240,1969
240,2036
240,2396
241,149
241,242
241,795
241,1675
241,1777
241,2284
241,2592
241,2676
242,84
242,148
242,149
242,241
242,968
242,1318
242,2284
243,15
243,84
243,1580
244,3
244,327
244,455
244,482
244,943
244,1054
245,663
245,1044
245,1718
245,1881
246,15
246,458
246,1107
246,2205
247,29
247,298
247,424
247,436
247,1851
248,1858
248,1974
248,2254
249,250
249,859
249,1968
250,249
250,251
250,1009
250,1968
250,2601
251,17
251,250
251,1009
251,1228
251,1411
251,1458
251,1557
251,1834
251,1968
252,1009
252,2229
253,301
253,617
253,618
254,255
254,256
254,800
254,813
254,2039
254,2485
255,254
255,813
255,966
256,254
256,257
256,2248
257,256
257,966
257,1199
257,1902
257,2248
258,27
258,403
258,548
258,2248
258,2607
259,371
259,523
259,2081
259,2095
260,87
260,261
260,457
260,563
260,818
260,1968
261,87
261,260
261,696
261,936
261,1750
261,2238
262,5
262,30
262,121
262,122
262,263
262,1442
263,262
264,674
264,1608
265,497
265,577
266,555
266,571
266,882
266,1336
266,2072
266,2606
266,2655
266,2697
266,2702
267,693
267,983
267,1761
267,1929
268,1710
268,1929
269,270
269,272
269,489
269,756
269,934
269,1475
269,1930
269,1941
270,149
270,269
270,271
270,272
270,396
270,489
270,985
270,1810
270,1930
270,2007
270,2226
271,270
271,272
271,489
271,756
271,1930
271,1941
271,2226
272,76
272,194
272,269
272,270
272,271
272,756
272,1930
273,1273
273,1434
273,1931
273,2236
273,2551
274,654
274,670
274,1194
274,1601
274,1931
275,276
275,633
275,1931
276,160
276,275
276,1601
276,1931
277,694
277,975
277,1319
277,2093
278,282
278,376
278,384
278,1254
278,1818
279,198
279,225
279,506
279,662
279,838
279,1137
279,1216
279,1232
279,1240
279,2152
280,1145
280,1669
280,2111
280,2346
281,0
281,1360
281,1420
282,58
282,201
282,278
282,1138
282,1244
282,2071
282,2214
282,2673
283,559
283,1457
283,2172
283,2214
283,2642
284,354
284,1165
284,1830
284,1962
285,1100
285,1521
285,1767
285,2325
285,2444
286,64
286,65
286,1100
286,1162
286,1165
286,1521
286,1704
286,1801
286,1805
286,1824
286,1979
286,2439
287,292
287,1080
287,1445
287,1473
288,235
288,236
288,237
288,961
289,71
289,566
289,1981
290,234
290,1267
290,2399
291,292
291,1330
291,1959
291,2159
291,2319
292,234
292,287
292,291
293,115
293,237
293,1226
293,1589
293,2282
293,2399
294,914
294,1202
294,1341
294,1959
294,1981
294,2239
295,984
295,1317
295,1709
295,1710
295,1712
295,1713
295,1720
295,1739
295,1793
295,2440
295,2450
295,2456
295,2461
296,984
296,1710
297,864
297,2022
297,2209
297,2316
298,121
298,247
298,477
298,510
298,864
298,1171
298,2613
298,2652
299,912
299,1041
299,1334
300,1479
301,3
301,13
301,136
301,253
301,431
301,478
301,1126
301,1789
301,1879
301,1932
301,1965
301,2385
302,92
302,1932
303,1457
304,72
304,198
304,537
304,654
304,1385
304,2236
304,2425
304,2558
304,2602
305,903
305,2021
306,636
306,927
306,1283
307,368
307,1966
307,1991
308,1290
309,829
310,188
310,468
310,829
310,1907
310,2014
310,2506
311,0
311,817
311,1846
312,27
312,47
312,313
312,1592
312,1906
313,90
313,208
313,312
313,327
313,2640
314,447
314,1525
315,834
315,1119
316,317
316,757
317,316
317,478
317,719
317,757
317,797
317,838
317,910
317,1016
317,1130
317,1400
317,1464
317,1481
317,2114
318,319
318,828
318,2043
318,2477
318,2584
319,318
319,2514
320,346
320,557
320,1402
320,1996
320,2001
320,2087
320,2114
320,2137
321,346
321,1507
322,163
322,346
322,1954
323,801
323,1789
323,2275
324,325
324,432
324,1960
325,324
325,2048
325,2619
325,2628
326,13
326,1195
326,1616
326,1620
326,1621
327,244
327,313
327,666
327,1511
327,2661
328,117
328,162
328,164
328,563
328,572
328,608
328,814
328,976
328,1275
328,1389
328,1676
328,1760
328,1762
328,1795
328,1813
328,1854
328,1871
328,1872
328,1873
328,1888
328,1894
328,1996
328,2138
328,2149
328,2319
328,2358
328,2474
329,139
329,369
329,379
329,476
329,545
329,872
329,1271
329,1366
329,2679
330,331
330,529
330,703
330,844
330,845
331,330
331,844
331,861
331,902
331,956
332,17
332,18
332,19
332,845
333,58
333,96
333,208
333,938
333,1063
333,1445
333,1548
333,1549
333,1945
333,2052
333,2156
333,2178
333,2185
333,2224
333,2420
333,2596
333,2670
334,115
334,121
334,414
334,2206
335,513
335,514
335,1933
335,1938
335,2019
336,114
336,121
336,165
336,375
336,744
336,1933
336,2015
336,2090
337,129
337,338
337,1264
337,1435
337,2013
337,2098
338,337
338,339
338,393
338,465
339,27
339,338
339,1339
340,219
340,227
340,231
340,236
340,560
340,2041
340,2268
341,218
341,219
341,227
341,231
341,236
341,560
341,863
341,2041
341,2669
342,1067
342,2334
343,130
343,214
344,73
344,198
344,1236
344,1573
344,2550
345,152
346,320
346,321
346,322
346,1277
346,2485
347,348
347,1357
347,1869
347,2167
347,2180
348,30
348,347
348,1351
348,1357
348,1514
348,2134
348,2167
349,73
349,207
349,1686
350,13
350,507
350,514
350,2173
350,2288
350,2363
351,1173
351,1281
351,1643
351,1934
351,2031
352,1643
352,1886
352,2031
352,2348
353,81
353,530
353,531
353,1374
353,2007
353,2349
354,138
354,173
354,284
354,613
354,614
354,615
354,772
354,1045
354,1063
354,1253
354,1914
355,34
355,68
355,140
355,141
355,173
355,238
355,356
355,357
355,374
355,701
355,855
355,919
355,920
355,1935
355,2260
355,2267
355,2294
356,355
356,357
356,606
357,204
357,355
357,356
357,1935
358,28
358,544
358,2083
358,2403
359,362
360,362
360,810
360,1238
361,100
361,362
361,1680
361,2087
361,2134
362,94
362,359
362,360
362,361
362,363
363,362
363,496
363,630
363,631
364,11
364,430
364,2029
364,2031
364,2249
364,2698
365,366
365,765
365,1027
365,1958
366,365
366,708
366,833
366,878
366,1023
366,1026
366,1037
367,379
367,408
367,545
367,709
367,1296
367,1567
367,1975
367,2100
368,122
368,307
368,434
368,820
368,1122
368,1991
368,2613
369,28
369,329
369,976
370,28
370,71
370,371
371,28
371,259
371,370
371,1761
371,1913
371,2061
372,393
373,47
373,184
373,393
373,1372
373,1850
374,212
374,217
374,355
374,398
374,411
374,710
374,757
374,816
374,896
374,897
374,1164
374,1459
374,2217
374,2638
374,2644
375,167
375,336
375,2002
375,2032
376,278
376,1967
376,2094
377,1936
377,2005
377,2635
378,646
378,2065
379,329
379,367
379,408
379,545
379,796
379,847
379,873
379,981
379,1009
379,1068
379,1207
379,1271
379,1698
379,1954
379,1971
379,1975
379,1999
379,2009
379,2290
379,2435
379,2595
379,2685
380,493
380,546
380,751
380,1004
380,2380
381,71
381,382
381,390
381,675
381,874
381,2599
381,2615
381,2700
382,71
382,72
382,381
382,390
382,1339
382,1360
382,1433
383,211
383,1256
383,1257
384,15
384,278
384,1072
384,1207
384,1785
384,2055
384,2561
384,2675
385,786
385,788
385,948
385,1697
385,1958
385,2323
386,848
386,2210
387,1592
387,2045
388,91
388,980
388,1028
388,1432
388,2072
388,2262
389,28
389,155
389,1705
389,2153
390,71
390,381
390,382
390,501
390,675
390,874
390,1150
390,1496
391,223
391,561
391,562
391,1075
391,1285
391,2233
392,177
392,1075
392,2003
393,27
393,47
393,338
393,372
393,373
393,617
394,2004
394,2080
395,1961
396,83
396,270
396,1643
396,1805
396,2075
397,511
397,586
397,1419
397,1906
398,49
398,171
398,374
398,2459
399,0
399,1159
399,2089
399,2375
400,905
400,2591
401,715
401,1600
401,2008
401,2356
402,404
402,1163
402,1999
403,182
403,258
403,496
403,630
403,1131
403,1722
403,2101
403,2549
404,402
404,2008
404,2544
405,437
405,980
405,1291
406,109
406,226
406,1702
406,2208
407,77
407,410
407,417
407,691
407,774
407,916
407,1799
407,1800
407,1801
407,1947
407,2317
408,367
408,379
408,410
408,417
408,916
408,943
408,1800
408,1801
408,2518
409,71
409,117
409,122
409,417
409,429
409,650
409,746
409,2220
409,2464
410,407
410,408
410,1196
411,34
411,374
411,913
411,936
411,1236
411,1938
411,2278
411,2294
411,2509
411,2682
412,96
412,97
412,98
413,3
413,121
413,1387
413,2154
413,2344
414,2
414,115
414,121
414,334
414,424
414,2541
415,420
415,2046
415,2292
415,2645
416,1723
416,2177
416,2382
417,83
417,407
417,408
417,409
417,916
417,1799
417,1801
418,17
418,18
418,19
418,2541
418,2607
419,2624
420,3
420,87
420,121
420,122
420,415
421,29
421,87
421,485
421,655
421,656
421,997
421,1371
421,1550
421,1605
421,2006
421,2028
422,240
422,656
422,854
422,1740
422,1963
422,2036
423,491
423,909
423,922
423,953
423,2317
424,120
424,126
424,247
424,414
424,865
424,1398
424,1670
424,2123
424,2386
425,211
425,217
425,507
426,962
426,1993
426,2308
427,118
427,127
427,191
428,1408
429,409
430,122
430,364
430,871
430,1192
430,1950
431,301
431,657
431,681
431,769
431,894
431,1535
431,2444
432,2
432,121
432,324
432,838
432,846
432,1246
432,1826
433,135
433,1771
433,1796
434,2
434,119
434,121
434,368
434,1122
435,4
435,172
435,1211
435,2637
436,199
436,247
436,741
436,2280
437,405
437,894
437,1086
437,1137
437,1398
437,2626
438,166
438,2582
438,2656
439,450
439,977
439,1211
440,222
441,222
441,442
441,1910
441,2417
442,48
442,222
442,441
442,1237
443,222
443,237
443,1093
443,1094
444,197
445,0
445,643
445,1642
445,1982
445,2111
445,2553
446,447
446,719
446,910
446,1106
446,1165
446,1361
446,1979
447,314
447,446
447,2303
447,2311
447,2592
448,71
448,449
448,1005
448,1064
448,1080
448,2277
449,448
449,1007
449,1880
450,147
450,439
450,508
450,1007
450,1363
450,1364
451,1092
452,775
452,1680
452,1727
453,79
453,173
453,207
453,454
453,675
453,2599
453,2615
453,2700
454,79
454,453
454,1075
454,1419
455,244
456,58
456,1802
457,15
457,260
457,496
458,246
458,1804
459,600
459,2281
460,540
461,829
461,1135
461,1983
462,205
462,463
462,464
462,1802
462,2390
463,462
463,464
463,1802
463,2609
464,205
464,462
464,463
464,470
464,1191
464,1343
464,1802
464,1803
464,1912
464,2290
464,2297
464,2390
464,2397
464,2551
464,2593
464,2598
464,2625
465,338
465,538
465,939
465,1351
465,2167
465,2662
466,534
466,538
466,595
466,964
466,2434
467,194
467,550
467,551
467,1247
467,1681
467,1682
467,1683
467,1688
467,2424
467,2592
468,71
468,310
468,472
468,725
468,726
468,2190
469,543
469,629
469,796
469,843
470,464
470,471
470,1190
470,1191
470,1546
470,2297
470,2395
471,79
471,470
471,521
471,1191
471,1229
471,2333
472,468
472,498
472,582
472,1204
472,1402
472,1805
472,2135
472,2260
472,2679
473,685
473,859
473,940
474,539
474,937
474,1132
474,1144
474,1694
474,1695
475,33
475,84
475,129
475,741
475,1760
476,85
476,329
476,872
477,3
477,298
477,2209
478,3
478,301
478,317
478,1737
479,1101
479,1356
479,1379
479,1481
479,1979
479,2264
479,2515
480,481
480,1446
480,1807
480,1907
481,105
481,480
481,1299
482,244
482,2074
483,71
483,979
483,1220
483,2310
484,485
484,791
484,792
484,793
484,794
484,1885
484,2282
485,421
485,484
485,791
485,2220
486,669
486,804
486,1625
486,1940
486,2695
487,0
487,1062
487,1503
487,1940
487,2082
488,0
488,880
488,1610
488,1625
488,2532
488,2570
489,269
489,270
489,271
489,960
489,1941
489,2226
490,491
490,492
490,832
490,840
490,1181
490,1420
490,2011
490,2091
490,2163
490,2279
491,423
491,490
491,492
491,832
491,840
491,2153
491,2279
492,490
492,491
492,579
492,682
492,743
492,832
492,840
492,1209
492,2279
493,380
493,546
493,1942
494,14
494,15
494,1075
494,1942
494,2079
495,899
495,971
495,1219
496,363
496,403
496,457
496,630
496,1007
497,265
497,1944
497,2003
498,0
498,472
498,582
498,605
498,1066
498,1217
498,1317
498,1500
498,2122
498,2667
499,67
499,214
499,2466
500,501
500,674
500,1123
500,1816
501,71
501,390
501,500
501,2212
502,13
502,703
502,1945
502,2179
503,36
503,757
503,764
503,923
503,926
503,2049
503,2305
504,34
504,84
504,144
504,511
504,677
504,890
504,1159
504,1666
504,1909
504,2089
504,2183
504,2369
505,23
505,558
505,2612
506,279
506,1833
507,121
507,350
507,425
507,1019
508,15
508,450
508,2593
508,2625
509,71
509,618
509,658
509,1189
509,1438
509,1439
509,1446
509,1967
509,2588
509,2593
509,2598
509,2625
510,298
510,607
510,784
510,2613
511,238
511,397
511,504
511,658
511,701
511,913
511,936
511,1024
511,1385
511,1840
511,1946
512,178
512,638
512,1328
512,1946
512,1983
512,2174
513,335
513,2183
513,2512
513,2601
513,2608
513,2631
514,87
514,335
514,350
514,746
515,68
515,78
515,205
515,536
515,971
515,1166
515,2351
516,230
516,521
516,1161
516,1596
516,2148
517,47
517,702
517,1117
517,1234
517,2412
518,589
518,644
518,1039
518,1308
518,2222
519,886
519,1967
519,2062
520,84
520,146
520,147
520,1169
520,1363
521,471
521,516
521,784
521,1574
522,710
522,2377
522,2493
522,2595
522,2596
523,179
523,259
523,701
524,0
524,13
524,681
524,954
524,1603
524,1604
524,1640
524,1650
524,2376
524,2680
525,3
525,119
525,122
525,1947
526,1042
526,1085
526,1722
526,1739
526,2455
526,2457
527,94
527,224
527,627
527,710
527,728
527,801
527,1994
527,2551
528,1948
529,330
529,703
529,955
529,2016
529,2178
529,2596
530,43
530,353
530,1101
530,1374
530,1729
531,16
531,353
531,532
531,746
531,771
531,1815
531,2084
532,531
532,771
532,2349
532,2688
533,68
533,72
534,72
534,466
534,834
534,2019
535,72
535,588
535,609
535,639
535,780
535,944
535,945
535,946
535,1193
535,1331
535,1600
535,1601
535,1990
535,2362
535,2364
536,515
536,537
536,878
536,1401
536,1516
536,1836
537,72
537,131
537,198
537,304
537,536
538,465
538,466
538,848
538,1112
538,1224
538,2434
539,210
539,474
539,724
540,460
540,722
540,723
540,724
541,4
541,5
542,31
543,469
543,624
543,625
543,961
543,1077
543,1357
543,1521
543,1528
543,1825
543,1827
543,1830
543,2291
543,2469
543,2696
543,2698
543,2699
544,28
544,358
544,798
544,2121
544,2588
545,329
545,367
545,379
545,1068
545,1949
545,2115
546,380
546,493
546,1004
546,1153
546,1949
547,599
547,956
547,1207
547,2007
548,258
548,956
548,974
549,46
549,1781
549,1950
549,2502
549,2601
549,2608
549,2658
550,467
550,1682
550,1736
551,467
551,675
551,1686
551,1688
551,1878
552,936
552,1056
552,1472
552,1769
552,2267
552,2487
553,68
553,1018
553,1367
554,690
554,1951
555,204
555,266
555,996
555,1540
555,2047
555,2126
556,1887
557,0
557,21
557,320
557,572
557,681
557,1062
557,1154
557,1175
557,1192
557,1196
557,1553
557,1632
557,2079
558,505
558,2104
559,283
559,1066
559,2182
559,2594
560,26
560,340
560,341
560,863
560,1240
561,391
561,562
561,2274
562,391
562,561
562,1285
562,1904
562,2476
563,260
563,328
563,976
563,1952
563,2155
564,1952
564,2184
565,2446
566,289
566,1084
566,1266
566,1694
566,2553
567,885
567,1495
568,173
568,205
568,1802
568,2149
568,2390
569,216
569,601
569,2004
570,626
570,1317
570,1953
571,266
571,2307
571,2342
572,328
572,557
572,1246
572,1553
572,2374
573,1217
573,1297
573,1649
574,2016
574,2453
575,9
575,216
575,240
576,838
576,1179
576,1780
577,91
577,151
577,265
577,838
577,1175
577,1179
577,1180
577,1328
577,1900
577,1976
577,2001
577,2499
578,703
579,492
579,832
579,1955
579,2011
579,2163
579,2188
579,2310
580,0
580,236
580,955
580,1010
580,1446
580,2468
581,1858
581,1956
581,2299
582,21
582,23
582,472
582,498
582,1155
582,1500
582,1790
582,1899
582,2484
583,0
583,1095
583,1575
583,2612
584,131
584,1202
586,84
586,85
586,397
586,1137
588,535
588,768
589,188
589,518
589,593
589,745
589,919
589,920
589,1370
589,1435
589,1983
589,2218
589,2243
590,658
591,658
591,2654
591,2698
592,207
593,34
593,589
593,919
593,2218
594,684
594,953
594,2098
595,115
595,466
595,1431
596,597
596,598
596,2302
597,596
597,1172
598,8
598,596
598,731
599,547
599,2243
600,459
601,569
601,1112
601,1213
602,15
602,71
602,603
602,1014
602,1247
602,1352
602,1582
603,128
603,602
603,1014
603,2144
604,1956
604,2299
604,2507
605,0
605,498
605,1010
605,1640
605,1836
606,356
606,1956
607,510
607,1015
607,1447
607,1467
607,2251
607,2539
608,28
608,71
608,328
608,1235
608,1581
608,1680
609,77
609,535
609,715
610,611
610,2155
611,610
611,2288
612,44
612,74
612,1492
613,47
613,67
613,173
613,354
613,614
613,615
614,47
614,173
614,354
614,613
614,615
614,1670
614,1796
614,2200
614,2647
615,47
615,173
615,354
615,613
615,614
616,139
616,669
617,147
617,253
617,393
617,618
617,903
617,1438
617,1792
618,147
618,253
618,509
618,617
618,1438
618,1446
618,2486
619,2213
620,33
620,627
620,685
620,2381
621,994
622,2261
622,2323
623,714
623,762
623,1625
624,14
624,543
624,625
624,626
624,1088
624,1409
624,2532
624,2652
625,543
625,624
625,1053
625,1279
625,1843
625,2536
625,2698
626,570
626,624
626,1279
626,2509
627,224
627,236
627,527
627,620
627,728
627,1407
627,2397
629,469
629,718
629,979
630,182
630,363
630,403
630,496
630,631
630,856
630,995
630,1231
630,2221
631,363
631,630
631,632
632,631
632,1131
632,1974
632,2576
633,275
634,635
634,636
634,1960
635,116
635,634
635,1960
635,1978
635,2106
636,306
636,634
636,1583
636,1960
637,71
637,99
637,842
637,1364
638,49
638,177
638,512
638,1135
638,1961
639,27
639,535
639,2164
640,158
640,1336
640,2476
640,2572
640,2664
641,654
641,1625
641,2191
642,0
642,922
642,954
642,1581
642,1583
642,1637
642,2345
642,2347
642,2569
643,0
643,445
643,673
643,712
643,823
643,906
643,1052
643,1490
643,1586
643,1626
643,1628
643,2373
643,2675
644,518
644,673
644,692
644,1589
644,1634
644,2195
645,105
645,2505
646,160
646,378
646,1046
646,1962
647,173
647,1017
647,2354
648,1215
648,1514
648,2156
649,730
649,1215
649,2102
649,2511
650,409
651,240
651,652
651,653
651,699
651,812
651,992
651,1963
652,651
652,696
652,737
652,812
652,992
652,1028
652,1963
652,2036
652,2396
653,0
653,240
653,651
653,699
653,812
653,992
653,1471
653,1614
653,1969
654,274
654,304
654,641
654,1272
654,1381
654,1414
654,1495
654,2191
654,2223
654,2602
655,421
655,1371
656,240
656,421
656,422
656,1371
656,1461
657,84
657,431
657,1603
657,1608
657,1640
657,1650
657,1752
657,2255
657,2394
657,2510
657,2616
657,2680
658,26
658,234
658,509
658,511
658,590
658,591
658,878
658,1821
659,1260
659,1262
659,1263
659,2476
660,153
660,979
660,2216
661,153
661,1285
661,2283
662,153
662,228
662,279
662,997
662,1861
662,2152
662,2216
663,176
663,245
663,1881
664,2142
665,831
665,1471
665,2247
666,10
666,327
666,831
666,1065
666,1899
667,2
667,121
667,1152
667,1553
668,15
668,1286
668,2130
668,2563
669,486
669,616
669,1572
669,2340
670,48
670,274
670,1932
670,2273
671,182
671,836
672,109
672,975
672,980
672,1232
672,2472
672,2595
673,643
673,644
673,875
673,1217
674,199
674,264
674,500
675,381
675,390
675,453
675,551
675,874
675,1150
675,2599
675,2615
675,2700
676,677
676,1451
677,174
677,504
677,676
677,890
677,1451
678,144
678,1171
678,1451
679,1429
679,2392
680,71
680,695
680,1218
680,1824
681,431
681,524
681,557
681,1899
681,2398
682,492
682,1899
682,2326
683,1970
683,2083
684,594
684,1224
684,1545
684,2010
684,2383
685,473
685,620
685,859
686,725
686,1195
686,1293
686,1469
686,1613
686,1766
686,2480
687,688
687,1955
687,2019
688,687
689,173
689,2027
690,26
690,554
690,2033
690,2166
691,407
691,1359
692,644
692,857
692,858
692,1281
692,1544
693,267
693,1377
693,2196
694,240
694,277
695,198
695,680
695,1768
696,72
696,198
696,261
696,652
696,811
696,945
696,1063
696,1506
696,2702
697,1325
698,1972
698,2261
698,2302
699,240
699,651
699,653
700,706
700,866
700,940
700,2081
701,154
701,155
701,355
701,511
701,523
701,1069
701,1924
702,47
702,155
702,517
702,1034
702,1036
702,1445
702,2200
703,330
703,502
703,529
703,578
703,760
703,1407
703,1524
703,2596
704,978
704,1291
705,1973
705,2212
706,13
706,700
706,1089
706,1656
706,2236
707,708
707,764
707,1511
707,2310
708,366
708,707
708,764
708,833
708,1023
708,1037
708,1057
708,1429
708,1828
708,2073
708,2202
708,2612
709,367
709,1220
709,2685
710,48
710,94
710,120
710,217
710,222
710,374
710,522
710,527
710,1976
710,2217
711,27
711,66
711,141
711,173
711,1483
711,1976
711,2055
711,2107
712,109
712,206
712,643
712,713
712,1052
712,1562
712,2402
713,0
713,712
713,714
713,875
713,971
713,2288
714,623
714,713
714,1052
714,1626
715,73
715,74
715,184
715,401
715,609
716,47
716,1416
717,1554
717,1604
717,1810
717,1812
717,2552
718,629
718,1977
719,317
719,446
719,925
719,1299
719,1977
720,0
720,805
720,838
720,1505
722,540
723,540
723,815
723,2197
724,539
724,540
724,1437
724,1452
724,2196
724,2425
724,2609
724,2668
725,468
725,686
725,726
726,468
726,725
726,931
727,15
727,158
727,831
727,1978
728,6
728,200
728,224
728,228
728,236
728,527
728,627
728,2074
728,2551
728,2558
729,1543
729,1623
729,2328
729,2329
730,649
730,1428
730,2156
731,598
732,1591
732,1980
732,2350
732,2423
733,72
733,131
733,1224
734,200
735,2572
736,174
736,1323
737,31
737,108
737,652
737,738
737,1212
738,0
738,206
738,737
738,962
738,1143
738,1212
739,28
739,84
739,1610
739,2506
740,68
740,129
740,140
740,2414
741,84
741,436
741,475
742,1426
742,1983
743,61
743,492
743,744
743,1525
744,336
744,743
744,780
744,2024
745,589
745,996
745,1709
745,2024
745,2047
746,409
746,514
746,531
746,2537
747,84
747,770
747,809
747,1053
747,1609
747,1621
747,1651
747,1652
747,2401
747,2617
748,1985
749,2597
749,2632
750,872
750,1271
750,1466
751,56
751,380
751,2521
751,2543
752,235
752,1781
752,2213
754,1880
755,47
755,152
755,854
755,1067
755,1897
755,2335
755,2494
756,269
756,271
756,272
756,1829
756,1867
757,316
757,317
757,374
757,503
757,952
757,2049
758,1171
758,1511
758,1518
758,1528
758,1767
758,1826
758,1828
758,1829
758,2536
758,2538
759,1083
760,43
760,703
760,1987
760,1995
760,2647
760,2660
761,2106
762,623
762,1638
763,832
763,1397
763,1420
763,1857
763,2011
763,2188
764,503
764,707
764,708
764,1023
765,365
765,1023
765,1884
766,46
766,51
766,202
766,1040
766,2119
766,2132
767,2247
767,2435
767,2436
768,588
768,770
768,1988
768,2406
768,2680
769,123
769,431
769,770
769,1520
769,1988
770,747
770,768
770,769
770,1988
771,81
771,531
771,532
771,1402
771,2349
772,354
772,825
772,905
772,1322
772,1464
772,1989
772,2000
773,1051
773,1369
773,2269
774,3
774,407
774,1799
774,1882
774,2069
774,2683
775,452
775,2372
775,2428
775,2497
776,2035
777,1228
778,102
778,174
778,210
778,1045
778,1329
778,1883
778,2045
778,2119
778,2240
779,1108
779,1599
779,1990
779,2360
779,2364
780,53
780,56
780,535
780,744
780,945
780,1142
780,1481
780,1990
781,185
781,2007
781,2168
782,1531
784,510
784,521
784,863
784,917
784,1101
784,1356
784,1597
784,2406
784,2613
784,2652
785,191
785,228
786,8
786,15
786,28
786,385
786,1351
786,1357
786,1657
786,2175
786,2405
786,2490
787,105
788,385
788,1496
789,1161
789,1199
789,2122
789,2242
790,0
790,195
790,792
790,794
790,1053
790,1565
790,2669
791,484
791,485
791,794
792,195
792,484
792,790
792,794
793,484
793,794
793,939
793,1027
793,2242
794,195
794,484
794,790
794,791
794,792
794,793
794,2242
795,148
795,241
795,1776
796,100
796,217
796,379
796,469
796,797
796,843
796,1410
796,1412
796,2271
796,2475
797,159
797,317
797,796
797,1157
797,2071
797,2475
798,77
798,168
798,544
798,1378
799,168
800,254
800,916
801,323
801,527
801,1879
801,1994
802,803
802,809
802,1022
802,1217
802,2540
803,0
803,802
804,486
804,805
804,806
805,720
805,804
805,831
806,0
806,71
806,804
806,2530
808,891
809,0
809,747
809,802
809,817
809,883
809,1329
809,1366
809,1509
809,1557
809,1569
809,1654
809,2233
809,2306
809,2336
809,2387
809,2401
809,2606
809,2655
809,2681
809,2702
810,42
810,59
810,360
810,1091
810,1238
811,696
811,1811
811,1897
812,8
812,139
812,240
812,651
812,652
812,653
812,2700
813,254
813,255
813,1360
814,28
814,71
814,90
814,328
814,1899
814,2582
815,723
815,1996
815,2141
815,2196
815,2234
815,2422
816,374
816,1997
816,2004
817,0
817,31
817,311
817,809
817,1314
817,1460
817,1504
817,1997
818,260
820,28
820,368
820,1362
820,1563
820,2119
821,1362
821,1672
822,0
822,116
822,1083
822,1530
822,1560
822,1569
822,1573
822,1610
822,1696
822,1790
822,2143
822,2324
822,2606
822,2681
822,2702
823,643
823,980
823,1248
823,1312
823,2243
823,2600
824,27
824,198
824,2243
824,2600
825,27
825,137
825,173
825,182
825,772
825,881
825,932
826,1161
826,2003
827,0
827,1121
827,2529
827,2628
828,108
828,202
828,318
828,1048
829,309
829,310
829,461
829,926
829,2139
830,1620
830,1621
831,665
831,666
831,727
831,805
831,1348
831,1349
831,1350
831,1678
831,2353
832,490
832,491
832,492
832,579
832,763
833,366
833,708
833,1057
833,2663
834,221
834,315
834,534
834,939
835,892
835,907
836,182
836,240
836,671
837,12
837,1037
837,2635
838,279
838,317
838,432
838,576
838,577
838,720
838,846
838,1900
838,2107
838,2395
838,2499
838,2604
839,917
839,986
839,1161
839,1186
839,2406
840,490
840,491
840,492
840,1629
840,2020
841,28
841,71
841,1395
841,2134
842,637
842,1047
843,469
843,796
843,1042
843,1413
843,1529
843,2344
844,330
844,331
844,955
844,1843
845,330
845,332
845,2178
845,2179
846,2
846,4
846,121
846,432
846,838
846,2123
846,2366
846,2540
847,71
847,379
847,2009
848,169
848,386
848,538
848,1131
848,1317
848,2434
849,1285
849,1904
850,1876
850,1903
850,2320
851,122
851,207
852,968
852,1061
852,1336
852,1337
852,2629
853,1137
853,2207
853,2601
854,27
854,422
854,755
854,1089
854,2274
854,2384
855,355
855,940
855,2097
855,2282
856,630
856,1496
856,2010
856,2168
857,692
857,1052
857,1628
858,692
858,951
858,1562
858,1634
858,1920
858,2378
858,2675
859,222
859,249
859,473
859,685
859,949
860,15
861,331
861,955
861,1572
861,2084
862,2084
863,341
863,560
863,784
864,297
864,298
865,119
865,424
865,867
866,166
866,700
866,868
867,865
867,1194
868,122
868,866
868,1071
868,1381
869,166
869,1705
870,2103
871,430
871,1905
871,2029
871,2215
872,329
872,476
872,750
872,1271
873,379
873,1783
873,2341
874,31
874,71
874,381
874,390
874,675
874,2241
875,673
875,713
875,2513
876,114
876,1246
876,1630
877,1634
878,78
878,173
878,366
878,536
878,658
878,1219
879,889
879,1675
879,2603
879,2681
880,0
880,52
880,488
880,1657
881,27
881,122
881,825
881,1521
881,1943
882,266
882,1564
882,2246
883,0
883,809
884,50
884,1576
884,1577
884,1579
885,54
885,55
885,102
885,567
885,1390
886,519
886,1209
886,1578
887,71
887,1485
887,1805
888,2017
889,879
889,2251
889,2539
890,144
890,504
890,677
891,808
891,892
891,1644
892,182
892,835
892,891
893,894
894,230
894,431
894,437
894,893
894,1639
894,2104
894,2582
895,154
895,2020
896,374
896,897
896,2020
897,154
897,236
897,374
897,896
897,2638
898,1505
899,48
899,495
900,191
900,192
900,2192
901,91
901,191
902,25
902,331
902,903
903,305
903,617
903,902
903,1060
903,2669
904,2688
905,0
905,400
905,772
905,1363
905,2147
905,2222
905,2375
906,643
906,1284
906,1490
906,1565
906,2129
906,2346
906,2402
906,2666
907,164
907,835
907,909
907,2023
908,62
908,2023
909,423
909,907
909,1773
909,1774
909,1936
909,2188
910,317
910,446
910,988
910,1195
911,987
911,990
911,991
911,1485
912,72
912,123
912,180
912,181
912,182
912,299
913,171
913,238
913,411
913,511
914,294
914,1013
914,1014
914,1136
914,1330
914,1346
914,2370
915,64
915,65
915,1187
915,1188
916,83
916,407
916,408
916,417
916,800
916,2095
917,69
917,784
917,839
917,1914
917,2406
918,62
918,2235
919,355
919,589
919,593
919,920
920,355
920,589
920,919
920,1435
920,1444
920,1664
920,2245
921,233
921,1424
921,2030
921,2255
922,423
922,642
922,1298
922,1581
922,1582
922,1588
922,2031
922,2347
922,2666
923,503
923,924
923,925
923,926
923,1375
923,1914
924,923
924,925
924,1914
925,719
925,923
925,924
925,2305
926,503
926,829
926,923
926,1106
926,1375
926,1794
927,100
927,306
927,1041
929,59
929,930
929,931
930,59
930,61
930,62
930,929
930,931
930,1534
931,726
931,929
931,930
931,1309
932,825
933,1176
933,1378
933,1426
933,2230
934,269
934,1220
935,2156
935,2345
936,27
936,204
936,261
936,411
936,511
936,552
936,1056
936,1069
936,1228
936,1769
936,1998
936,2267
936,2487
937,474
937,1138
937,2249
938,333
939,198
939,465
939,793
939,834
940,473
940,700
940,855
940,1295
941,2300
942,951
942,2037
943,244
943,408
943,1357
944,171
944,535
944,946
944,1283
944,1331
944,2432
944,2592
945,138
945,535
945,696
945,780
945,946
945,1142
945,1552
946,535
946,944
946,945
946,2577
947,1759
947,1958
947,2038
948,77
948,177
948,385
949,859
949,951
949,1581
949,1583
949,2345
950,951
951,858
951,942
951,949
951,950
951,1282
951,1284
951,1494
952,85
952,757
952,1130
952,1400
953,423
953,594
953,954
954,524
954,642
954,953
955,529
955,580
955,844
955,861
955,2530
956,331
956,547
956,548
956,2078
957,119
957,958
957,1251
957,1882
958,76
958,119
958,957
958,1251
958,2289
959,961
959,1989
959,2126
960,489
960,961
961,84
961,288
961,543
961,959
961,960
962,426
962,738
962,1370
962,2192
963,2044
963,2272
964,466
964,1112
964,1776
965,2064
965,2170
966,255
966,257
966,1199
966,1902
967,2136
968,242
968,852
968,979
968,1061
968,1336
968,1337
969,84
969,1734
971,68
971,495
971,515
971,713
971,2563
972,28
972,1029
972,1300
972,1320
973,162
973,2067
973,2587
974,548
974,2605
975,277
975,672
975,1050
975,1424
975,1692
975,2665
975,2683
976,328
976,369
976,563
976,1210
976,1485
976,1760
976,1761
976,1762
976,2474
976,2483
976,2701
977,66
977,87
977,114
977,121
977,122
977,126
977,439
978,704
978,1124
978,1653
978,1758
979,483
979,629
979,660
979,968
980,46
980,200
980,388
980,405
980,672
980,823
980,2041
981,379
981,2042
982,1170
982,2234
982,2292
982,2315
982,2316
983,74
983,267
983,1190
984,295
984,296
984,2100
984,2455
984,2526
985,270
985,986
986,839
986,985
987,911
987,990
987,1262
988,910
989,991
989,1870
989,2055
989,2476
989,2550
989,2571
990,911
990,987
991,911
991,989
991,1083
991,1712
991,1713
991,1720
991,1738
991,1740
991,2545
992,651
992,652
992,653
992,1461
992,1561
992,2046
993,1280
993,1463
993,1473
993,2146
993,2379
994,621
994,995
995,235
995,630
995,994
995,1116
995,2023
996,555
996,745
996,2047
997,421
997,662
997,1434
998,2265
999,60
999,1003
999,2265
1000,78
1000,1067
1000,1636
1000,1882
1001,16
1001,18
1002,64
1002,100
1003,44
1003,63
1003,64
1003,95
1003,999
1003,1094
1003,1636
1004,15
1004,380
1004,546
1004,1285
1004,1975
1005,448
1005,1080
1005,1225
1005,1454
1007,449
1007,450
1007,496
1007,1982
1008,1458
1009,250
1009,251
1009,252
1009,379
1010,0
1010,87
1010,580
1010,605
1010,1619
1011,1812
1012,71
1012,101
1012,1015
1012,2068
1013,914
1013,2239
1014,101
1014,602
1014,603
1014,914
1014,1015
1014,2239
1015,101
1015,607
1015,1012
1015,1014
1015,1016
1016,317
1016,1015
1016,1838
1016,2618
1017,173
1017,647
1017,2657
1017,2669
1018,553
1018,2051
1019,507
1019,1497
1019,1669
1020,13
1020,114
1020,121
1020,1544
1020,1904
1020,2121
1020,2127
1020,2199
1021,1114
1021,1484
1021,2113
1021,2143
1021,2187
1022,802
1022,1484
1022,2417
1023,366
1023,708
1023,764
1023,765
1024,511
1024,1026
1024,2171
1025,1815
1026,366
1026,1024
1026,1057
1026,2195
1026,2202
1026,2634
1027,365
1027,793
1027,2047
1028,0
1028,240
1028,388
1028,652
1028,1461
1028,1561
1028,1969
1029,174
1029,972
1029,1267
1029,2519
1029,2550
1030,151
1030,1031
1030,1143
1031,89
1031,151
1031,1030
1031,1196
1031,1477
1032,1416
1032,2053
1034,47
1034,117
1034,196
1034,702
1034,1035
1034,1404
1035,1034
1035,1404
1035,2668
1036,196
1036,702
1036,2704
1037,366
1037,708
1037,837
1038,2054
1038,2210
1038,2642
1038,2645
1039,518
1039,2054
1040,46
1040,202
1040,766
1040,2132
1041,100
1041,299
1041,927
1041,1533
1041,2161
1042,526
1042,843
1042,1704
1042,2070
1042,2458
1043,64
1043,158
1043,2162
1044,245
1045,102
1045,354
1045,778
1045,1665
1045,2395
1046,646
1046,2055
1047,28
1047,67
1047,842
1047,1145
1047,2056
1047,2083
1048,828
1049,101
1050,975
1050,1204
1050,1421
1050,2068
1050,2466
1051,168
1051,773
1051,1146
1051,1147
1051,2141
1051,2269
1052,643
1052,712
1052,714
1052,857
1052,1501
1052,1961
1052,2074
1052,2122
1053,0
1053,625
1053,747
1053,790
1053,2152
1053,2233
1054,244
1054,2233
1056,552
1056,936
1056,1069
1056,1472
1057,708
1057,833
1057,1026
1057,2073
1057,2202
1058,57
1058,168
1058,1089
1058,1233
1058,2412
1059,2114
1060,25
1060,903
1061,852
1061,968
1061,1337
1061,1634
1062,487
1062,557
1062,1175
1063,333
1063,354
1063,696
1063,2654
1064,71
1064,448
1064,1207
1064,1241
1064,1254
1064,1652
1065,666
1066,498
1066,559
1066,1140
1066,1641
1066,2370
1066,2376
1067,342
1067,755
1067,1000
1067,1698
1067,1782
1068,379
1068,545
1068,2115
1068,2502
1069,701
1069,936
1069,1056
1069,1472
1069,1769
1070,1358
1070,1390
1070,2167
1071,166
1071,868
1071,1444
1071,1835
1071,2656
1072,384
1072,2058
1072,2503
1073,0
1073,2059
1073,2376
1074,1178
1074,1313
1074,2060
1074,2433
1075,114
1075,219
1075,231
1075,391
1075,392
1075,454
1075,494
1076,2285
1077,3
1077,122
1077,543
1077,1169
1077,1596
1078,1312
1078,2165
1079,198
1079,2256
1080,287
1080,448
1080,1005
1080,1200
1081,107
1081,1082
1081,1916
1082,1081
1082,2582
1083,31
1083,759
1083,822
1083,991
1083,1361
1083,1595
1083,1610
1084,566
1084,1116
1084,1945
1085,526
1085,1424
1085,1478
1085,1532
1085,1533
1085,1535
1085,1536
1085,1537
1085,1539
1085,1733
1086,36
1086,121
1086,437
1086,2123
1086,2462
1087,111
1087,2530
1088,624
1088,2105
1088,2530
1089,46
1089,706
1089,854
1089,1058
1090,171
1090,2273
1090,2431
1090,2432
1090,2522
1091,148
1091,810
1092,451
1092,1229
1093,102
1093,222
1093,443
1094,115
1094,443
1094,1003
1094,1098
1094,1375
1094,1532
1095,583
1095,2065
1096,233
1096,1437
1096,1443
1096,1955
1096,2609
1097,28
1097,2204
1098,91
1098,222
1098,1094
1098,1240
1098,2568
1099,27
1099,236
1100,285
1100,286
1100,2190
1101,146
1101,479
1101,530
1101,784
1101,1481
1102,198
1102,2632
1103,2333
1104,1105
1104,1277
1104,2360
1104,2617
1105,1104
1105,1277
1105,1796
1105,2617
1106,446
1106,926
1106,1375
1107,15
1107,54
1107,246
1107,1248
1107,1891
1108,118
1108,779
1108,1271
1108,2233
1109,28
1109,2362
1109,2678
1110,1388
1110,1837
1110,2309
1111,1838
1111,1840
1111,2066
1111,2213
1111,2546
1112,64
1112,538
1112,601
1112,964
1112,1524
1112,1525
1113,2067
1114,1021
1115,2235
1116,995
1116,1084
1116,2071
1116,2214
1117,517
1117,2072
1118,175
1118,2344
1119,48
1119,69
1119,70
1119,95
1119,315
1120,68
1120,2281
1121,827
1121,1577
1121,2112
1121,2687
1122,84
1122,87
1122,368
1122,434
1122,2492
1123,500
1123,1302
1124,149
1124,978
1124,2690
1125,2496
1125,2690
1126,115
1126,301
1126,2064
1126,2106
1127,13
1127,43
1127,1774
1128,1156
1129,1555
1129,2074
1129,2360
1129,2552
1129,2577
1130,317
1130,952
1130,2139
1131,51
1131,182
1131,403
1131,632
1131,848
1132,474
1132,1169
1132,1367
1132,1695
1133,1695
1134,1790
1134,2251
1134,2524
1135,48
1135,177
1135,178
1135,461
1135,638
1136,914
1136,1663
1136,1808
1136,2239
1137,205
1137,279
1137,437
1137,586
1137,853
1137,1945
1137,2361
1138,282
1138,937
1138,1244
1138,1272
1138,1947
1138,2673
1139,98
1140,1066
1140,1342
1140,1813
1141,1595
1141,2079
1142,138
1142,202
1142,780
1142,945
1142,1193
1142,1552
1142,1906
1142,2156
1143,187
1143,738
1143,1030
1143,2082
1144,0
1144,474
1144,1960
1144,2082
1145,280
1145,1047
1145,2083
1145,2654
1146,210
1146,1051
1146,1468
1146,1764
1146,1803
1146,2269
1146,2623
1147,1051
1148,176
1148,2486
1149,139
1149,194
1149,2085
1150,207
1150,390
1150,675
1150,1151
1151,72
1151,1150
1151,1433
1152,119
1152,667
1153,22
1153,546
1153,1196
1153,1776
1153,2219
1153,2333
1154,557
1154,1175
1154,1740
1154,1765
1154,2478
1155,582
1156,1128
1156,1202
1156,1389
1157,797
1157,2088
1157,2300
1158,67
1158,152
1158,1423
1158,2200
1158,2334
1159,28
1159,399
1159,504
1159,2089
1160,28
1160,122
1160,1669
1161,189
1161,516
1161,789
1161,826
1161,839
1161,1172
1161,1376
1161,2634
1162,286
1162,1163
1162,1518
1162,1827
1162,1828
1162,2038
1162,2641
1162,2698
1163,402
1163,1162
1163,1825
1163,2538
1164,374
1164,2291
1165,71
1165,284
1165,286
1165,446
1166,515
1166,1555
1166,2087
1166,2406
1166,2527
1167,1792
1168,1208
1168,1307
1168,1826
1168,2271
1169,520
1169,1077
1169,1132
1170,982
1170,2393
1171,298
1171,678
1171,758
1171,1767
1171,1824
1171,1829
1171,2474
1171,2537
1172,204
1172,597
1172,1161
1172,1794
1172,2381
1172,2393
1172,2406
1173,0
1173,351
1173,1174
1173,1199
1174,1173
1174,1199
1174,2150
1175,0
1175,557
1175,577
1175,1062
1175,1154
1176,933
1176,1177
1177,1176
1177,1818
1178,1074
1179,27
1179,576
1179,577
1180,577
1181,490
1181,2091
1181,2148
1182,1656
1182,2404
1182,2486
1183,1184
1183,1403
1183,1656
1183,2404
1183,2486
1184,211
1184,1183
1184,1191
1184,2404
1185,87
1185,111
1185,121
1186,839
1186,2093
1186,2683
1187,915
1187,1188
1187,1669
1187,2093
1188,915
1188,1187
1188,1405
1188,2093
1189,509
1189,1440
1189,2319
1190,470
1190,983
1190,1546
1190,2288
1190,2395
1190,2609
1191,205
1191,464
1191,470
1191,471
1191,1184
1191,1229
1191,2297
1192,430
1192,557
1192,1289
1193,535
1193,1142
1193,1552
1194,121
1194,159
1194,274
1194,867
1194,1579
1194,2095
1195,80
1195,326
1195,686
1195,910
1195,1293
1195,1427
1195,1616
1195,1790
1195,2369
1196,0
1196,187
1196,410
1196,557
1196,1031
1196,1153
1198,48
1198,49
1198,1227
1198,1553
1199,0
1199,257
1199,789
1199,966
1199,1173
1199,1174
1199,2550
1200,13
1200,57
1200,1080
1200,1217
1200,2126
1200,2412
1200,2624
1201,1676
1201,2660
1202,294
1202,584
1202,1156
1202,2565
1203,30
1203,72
1203,131
1203,133
1203,1607
1203,1838
1204,472
1204,1050
1204,1717
1205,1482
1205,2167
1206,1482
1207,379
1207,384
1207,547
1207,1064
1207,1278
1207,1715
1207,2194
1207,2282
1207,2691
1208,1168
1208,1325
1208,2181
1209,52
1209,492
1209,886
1209,1465
1209,2518
1210,976
1210,1672
1210,1673
1210,1674
1210,1864
1210,1865
1210,1896
1210,2118
1210,2414
1210,2415
1211,3
1211,435
1211,439
1212,0
1212,737
1212,738
1212,1339
1213,601
1213,1227
1214,16
1214,43
1214,80
1214,127
1215,204
1215,648
1215,649
1215,2420
1216,279
1216,1233
1217,0
1217,498
1217,573
1217,673
1217,802
1217,1200
1217,1218
1217,1553
1217,1562
1217,2195
1217,2337
1217,2400
1218,0
1218,680
1218,1217
1218,1329
1218,1489
1218,1649
1218,2398
1219,216
1219,495
1219,878
1219,2000
1220,198
1220,483
1220,709
1220,934
1221,49
1221,1775
1222,1923
1223,88
1223,2102
1224,47
1224,538
1224,684
1224,733
1225,119
1225,160
1225,1005
1225,1587
1226,293
1226,1557
1226,2528
1227,233
1227,1198
1227,1213
1228,251
1228,777
1228,936
1229,471
1229,1092
1229,1191
1229,2071
1230,1391
1230,2197
1231,630
1231,1391
1231,1821
1231,2197
1232,279
1232,672
1232,2107
1233,1058
1233,1216
1233,1500
1233,1840
1234,517
1234,2386
1235,608
1235,2108
1236,121
1236,344
1236,411
1236,1398
1236,2614
1237,8
1237,442
1238,59
1238,360
1238,810
1239,2109
1239,2289
1240,222
1240,231
1240,279
1240,560
1240,1098
1240,1794
1241,1064
1241,1290
1241,1451
1241,1551
1241,2110
1241,2333
1242,2179
1242,2702
1243,1610
1244,58
1244,282
1244,1138
1245,2116
1245,2274
1245,2442
1246,432
1246,572
1246,876
1246,1617
1246,2150
1246,2208
1246,2367
1246,2374
1247,104
1247,467
1247,602
1247,2168
1248,823
1248,1107
1248,1249
1248,1467
1249,1248
1250,0
1250,240
1251,124
1251,957
1251,958
1251,2398
1252,1253
1252,1265
1252,1578
1252,1813
1252,1814
1252,1816
1252,1843
1252,2425
1252,2517
1252,2528
1252,2584
1253,50
1253,52
1253,354
1253,1252
1253,1843
1253,2481
1253,2507
1253,2554
1254,177
1254,278
1254,1064
1254,2650
1254,2678
1255,0
1255,2306
1255,2336
1255,2458
1256,176
1256,383
1256,1915
1257,383
1257,1936
1257,2102
1257,2511
1257,2665
1258,1574
1258,2120
1259,232
1259,1678
1260,659
1260,1261
1260,1262
1260,1263
1261,1260
1261,1262
1261,1263
1261,1672
1261,1809
1262,659
1262,987
1262,1260
1262,1261
1262,1263
1262,1569
1262,1809
1262,2705
1263,659
1263,1260
1263,1261
1263,1262
1263,2705
1264,337
1265,50
1265,1252
1265,1578
1266,566
1266,2306
1267,52
1267,290
1267,1029
1267,2240
1268,28
1268,52
1269,66
1269,154
1269,2334
1270,2301
1271,85
1271,329
1271,379
1271,750
1271,872
1271,1108
1272,654
1272,1138
1272,1414
1273,273
1273,1771
1273,2629
1274,1470
1274,1485
1274,1599
1274,1785
1274,2503
1274,2561
1274,2691
1275,328
1275,1500
1275,1766
1275,2122
1276,1911
1276,2123
1277,346
1277,1104
1277,1105
1277,2617
1278,15
1278,65
1278,237
1278,1207
1278,2125
1279,625
1279,626
1279,2280
1280,993
1280,2638
1281,24
1281,48
1281,51
1281,351
1281,692
1281,1490
1282,951
1282,2276
1283,306
1283,944
1283,1632
1284,906
1284,951
1284,2129
1285,391
1285,562
1285,661
1285,849
1285,1004
1285,1433
1286,668
1287,0
1287,1634
1287,2266
1288,2131
1288,2623
1289,1192
1290,0
1290,308
1290,1241
1290,1551
1290,2333
1291,200
1291,405
1291,704
1292,2133
1293,686
1293,1195
1293,2242
1294,208
1294,1646
1295,193
1295,940
1296,367
1297,573
1298,0
1298,27
1298,922
1298,1460
1298,1480
1299,481
1299,719
1299,1677
1300,972
1300,2222
1301,54
1301,55
1301,102
1301,2140
1301,2278
1302,1123
1303,72
1303,1337
1303,2008
1304,2143
1305,0
1305,1608
1305,1696
1305,2143
1305,2433
1306,201
1307,1168
1307,2145
1308,518
1308,2147
1309,931
1310,1448
1310,2149
1311,2149
1312,823
1312,1078
1312,2149
1312,2578
1313,110
1313,1074
1313,2433
1314,0
1314,72
1314,817
1314,2150
1315,1316
1315,1632
1315,2151
1315,2211
1316,42
1316,1315
1316,1637
1317,0
1317,104
1317,295
1317,498
1317,570
1317,848
1317,1322
1317,2667
1318,149
1318,242
1318,1777
1318,1832
1319,277
1319,2649
1320,972
1320,1346
1320,2218
1321,0
1321,1655
1321,1723
1322,772
1322,1317
1323,736
1323,2650
1324,1368
1325,697
1325,1208
1325,1397
1325,2130
1326,1643
1326,2157
1326,2633
1327,97
1327,198
1328,74
1328,512
1328,577
1328,1458
1329,778
1329,809
1329,1218
1330,291
1330,914
1330,1804
1330,2563
1331,67
1331,535
1331,944
1332,1666
1332,2155
1333,1666
1334,63
1334,299
1334,2161
1335,50
1335,1601
1335,2162
1336,266
1336,640
1336,852
1336,968
1336,2629
1336,2630
1337,852
1337,968
1337,1061
1337,1303
1337,1891
1337,2533
1338,27
1338,1812
1339,339
1339,382
1339,1212
1339,1367
1341,0
1341,294
1341,1568
1342,1140
1342,2479
1343,464
1344,0
1344,1460
1344,1502
1344,1511
1344,1690
1344,1691
1344,1692
1344,1754
1344,2427
1346,914
1346,1320
1346,1808
1346,2293
1348,0
1348,831
1348,1349
1348,1676
1349,0
1349,831
1349,1348
1349,1350
1349,1661
1349,1862
1349,2353
1349,2662
1350,0
1350,136
1350,831
1350,1349
1350,1862
1350,2353
1350,2662
1351,348
1351,465
1351,786
1351,2167
1352,602
1352,1519
1353,1587
1353,2457
1354,121
1354,1730
1355,87
1356,146
1356,147
1356,479
1356,784
1356,1361
1356,1863
1356,2305
1357,347
1357,348
1357,543
1357,786
1357,943
1357,1821
1357,1869
1357,2236
1358,1070
1359,691
1359,2248
1360,281
1360,382
1360,813
1361,13
1361,112
1361,121
1361,446
1361,1083
1361,1356
1362,84
1362,820
1362,821
1363,146
1363,450
1363,520
1363,905
1363,1483
1363,1588
1364,147
1364,450
1364,637
1364,1446
1364,2521
1365,2622
1366,0
1366,329
1366,809
1366,1393
1366,1711
1367,79
1367,157
1367,553
1367,1132
1367,1339
1367,1818
1368,1324
1368,1446
1368,2318
1368,2469
1369,152
1369,154
1369,773
1370,589
1370,962
1371,421
1371,655
1371,656
1371,1602
1371,2586
1372,64
1372,373
1372,1722
1373,222
1373,2431
1374,43
1374,80
1374,353
1374,530
1375,923
1375,926
1375,1094
1375,1106
1376,64
1376,65
1376,1161
1377,693
1377,1615
1378,168
1378,169
1378,798
1378,933
1378,2643
1379,146
1379,479
1379,1481
1379,1608
1380,2573
1380,2581
1381,654
1381,868
1381,1750
1381,2553
1381,2634
1383,1781
1383,2189
1384,48
1384,222
1384,2190
1385,158
1385,238
1385,304
1385,511
1386,1625
1386,2280
1387,413
1388,72
1388,84
1388,1110
1389,28
1389,328
1389,1156
1389,1735
1389,2370
1389,2658
1390,885
1390,1070
1390,1495
1391,13
1391,1230
1391,1231
1391,2106
1391,2197
1391,2651
1392,2631
1393,0
1393,1366
1393,1711
1395,28
1395,841
1395,1984
1396,15
1396,238
1396,1886
1397,28
1397,36
1397,763
1397,1325
1397,2410
1398,2
1398,3
1398,44
1398,165
1398,424
1398,437
1398,1236
1398,1789
1398,2172
1399,53
1399,54
1399,2356
1400,5
1400,122
1400,127
1400,317
1400,952
1401,68
1401,536
1401,1515
1402,320
1402,472
1402,771
1402,2629
1403,1183
1404,139
1404,1034
1404,1035
1404,1586
1405,142
1405,144
1405,1188
1406,48
1406,79
1406,1620
1407,627
1407,703
1408,121
1408,182
1408,428
1409,100
1409,624
1409,2215
1410,195
1410,796
1411,251
1411,1413
1412,796
1412,1413
1412,1985
1413,843
1413,1411
1413,1412
1414,72
1414,132
1414,654
1414,1272
1415,2218
1416,716
1416,1032
1417,166
1417,2480
1418,1839
1418,1842
1418,2225
1418,2394
1419,79
1419,173
1419,397
1419,454
1420,281
1420,490
1420,763
1420,2633
1421,1050
1422,1697
1422,2300
1422,2583
1423,153
1423,156
1423,1158
1423,1798
1424,921
1424,975
1424,1085
1424,2229
1425,1465
1425,2308
1426,742
1426,933
1426,2231
1427,1195
1427,1547
1427,2271
1428,730
1428,2547
1428,2687
1429,679
1429,708
1430,1920
1430,2237
1430,2442
1431,97
1431,595
1431,2123
1432,109
1432,388
1433,382
1433,1151
1433,1285
1433,1454
1433,2241
1434,0
1434,273
1434,997
1434,2641
1435,337
1435,589
1435,920
1436,119
1436,1571
1436,1640
1436,2484
1436,2694
1437,724
1437,1096
1438,509
1438,617
1438,618
1439,146
1439,147
1439,509
1440,71
1440,1189
1441,186
1441,187
1442,50
1442,52
1442,262
1442,2421
1443,1096
1443,1797
1444,233
1444,920
1444,1071
1444,1797
1445,234
1445,287
1445,333
1445,702
1445,1534
1445,2542
1445,2679
1446,71
1446,480
1446,509
1446,580
1446,618
1446,1364
1446,1368
1446,1679
1447,607
1447,2251
1447,2539
1448,1310
1448,1826
1448,2252
1448,2543
1449,30
1449,1962
1450,121
1450,2254
1451,676
1451,677
1451,678
1451,1241
1452,233
1452,724
1452,2255
1454,118
1454,1005
1454,1433
1455,1909
1455,2694
1456,169
1456,2641
1457,183
1457,283
1457,303
1458,251
1458,1008
1458,1328
1458,2035
1459,89
1459,139
1459,374
1460,0
1460,817
1460,1298
1460,1344
1461,240
1461,656
1461,992
1461,1028
1462,2268
1463,993
1463,1946
1463,2074
1463,2116
1464,67
1464,139
1464,317
1464,772
1465,1209
1465,1425
1465,2163
1466,64
1466,65
1466,750
1466,2686
1467,607
1467,1248
1467,1668
1468,1146
1469,686
1469,1909
1469,2483
1469,2578
1470,84
1470,150
1470,1274
1471,90
1471,222
1471,653
1471,665
1471,2559
1472,68
1472,552
1472,1056
1472,1069
1472,1512
1473,287
1473,993
1474,1982
1475,269
1475,1779
1475,2501
1476,148
1476,149
1476,150
1476,1778
1476,2461
1477,15
1477,1031
1477,1868
1477,1880
1477,2481
1478,100
1478,1085
1478,1736
1479,71
1479,149
1479,300
1479,2686
1480,131
1480,1298
1480,2609
1480,2691
1481,146
1481,317
1481,479
1481,780
1481,1101
1481,1379
1482,1205
1482,1206
1482,2644
1483,711
1483,1363
1483,1580
1483,1790
1483,2009
1483,2175
1484,1021
1484,1022
1485,71
1485,887
1485,911
1485,976
1485,1274
1486,89
1486,151
1486,2283
1487,92
1487,2239
1487,2287
1488,1659
1488,2288
1489,1218
1489,2288
1490,643
1490,906
1490,1281
1490,2266
1491,1521
1491,2212
1491,2288
1492,49
1492,143
1492,217
1492,612
1494,951
1494,1744
1494,2533
1495,54
1495,567
1495,654
1495,1390
1496,62
1496,390
1496,788
1496,856
1496,1973
1497,1019
1498,1582
1498,1641
1498,2370
1500,498
1500,582
1500,1233
1500,1275
1501,1052
1501,2098
1501,2657
1501,2689
1502,1344
1502,1575
1502,1746
1502,1750
1502,1753
1502,1754
1502,2657
1502,2689
1503,0
1503,487
1503,1748
1503,2657
1504,817
1505,720
1505,898
1505,1712
1506,74
1506,696
1506,2302
1506,2589
1507,321
1507,1881
1507,1996
1507,2214
1508,127
1509,0
1509,809
1509,1556
1509,1569
1509,1861
1509,2323
1510,2119
1510,2222
1510,2309
1511,327
1511,707
1511,758
1511,1344
1511,2310
1512,27
1512,1472
1512,1712
1512,2312
1513,1514
1513,1515
1513,2313
1514,30
1514,96
1514,131
1514,348
1514,648
1514,1513
1514,1517
1515,73
1515,1401
1515,1513
1515,2313
1516,132
1516,536
1516,2313
1517,30
1517,175
1517,1514
1517,2314
1518,5
1518,758
1518,1162
1519,1352
1519,1793
1519,2514
1520,769
1520,2319
1520,2587
1521,285
1521,286
1521,543
1521,881
1521,1491
1521,1522
1522,1521
1522,1767
1522,2696
1523,2321
1524,703
1524,1112
1524,1525
1525,314
1525,743
1525,1112
1525,1524
1526,30
1526,107
1526,214
1526,1594
1527,27
1527,198
1527,1756
1528,543
1528,758
1528,1767
1528,1827
1529,27
1529,28
1529,144
1529,843
1529,1544
1530,5
1530,822
1531,64
1531,65
1531,100
1531,782
1532,1085
1532,1094
1533,1041
1533,1085
1533,1534
1533,1536
1533,1540
1533,2350
1534,151
1534,930
1534,1445
1534,1533
1534,1536
1535,431
1535,1085
1536,68
1536,1085
1536,1533
1536,1534
1536,1537
1537,1085
1537,1536
1539,1085
1540,555
1540,1533
1540,1543
1540,1618
1540,2326
1541,1543
1541,2327
1542,237
1542,1543
1542,1943
1542,2458
1542,2649
1543,729
1543,1540
1543,1541
1543,1542
1543,2329
1543,2646
1544,28
1544,692
1544,1020
1544,1529
1544,1560
1545,684
1545,1565
1545,2330
1546,470
1546,1190
1546,2395
1547,1427
1547,2416
1548,58
1548,333
1548,1549
1548,1659
1549,333
1549,1548
1550,421
1550,1758
1550,2332
1551,1241
1551,1290
1551,2333
1552,138
1552,945
1552,1142
1552,1193
1552,1780
1552,2173
1553,0
1553,557
1553,572
1553,667
1553,1198
1553,1217
1553,1568
1553,2400
1553,2665
1554,717
1554,2486
1555,1129
1555,1166
1555,1868
1555,2397
1555,2552
1555,2611
1556,0
1556,1509
1556,1569
1556,1787
1556,1861
1556,2127
1557,0
1557,251
1557,809
1557,1226
1557,1861
1558,0
1558,103
1558,1639
1559,0
1559,1571
1559,1865
1560,0
1560,212
1560,822
1560,1544
1560,2265
1561,54
1561,240
1561,992
1561,1028
1562,712
1562,858
1562,1217
1562,1638
1562,2641
1562,2694
1563,820
1563,2190
1563,2488
1563,2578
1564,0
1564,882
1564,2592
1565,790
1565,906
1565,1545
1565,2402
1566,1641
1566,1935
1566,2370
1567,15
1567,367
1567,1638
1567,2681
1568,1341
1568,1553
1568,2319
1568,2400
1569,809
1569,822
1569,1262
1569,1509
1569,1556
1570,0
1570,1571
1571,0
1571,1436
1571,1559
1571,1570
1571,2339
1571,2651
1572,96
1572,669
1572,861
1572,2341
1573,344
1573,822
1574,0
1574,6
1574,521
1574,1258
1575,583
1575,1502
1575,1576
1575,1754
1575,2342
1576,884
1576,1575
1576,1579
1577,52
1577,884
1577,1121
1577,1579
1577,1580
1578,52
1578,886
1578,1252
1578,1265
1578,1815
1578,1816
1578,2507
1579,50
1579,52
1579,128
1579,884
1579,1194
1579,1576
1579,1577
1580,243
1580,1483
1580,1577
1581,608
1581,642
1581,922
1581,949
1581,1582
1581,1587
1582,602
1582,922
1582,1498
1582,1581
1582,2347
1582,2677
1583,636
1583,642
1583,949
1583,1584
1584,1583
1584,2666
1585,2417
1586,0
1586,643
1586,1404
1586,1608
1587,1225
1587,1353
1587,1581
1587,1617
1587,1624
1588,922
1588,1363
1588,2128
1589,293
1589,644
1589,1627
1589,1634
1589,2365
1589,2372
1590,1879
1591,52
1591,732
1591,1924
1591,2350
1592,47
1592,312
1592,387
1592,2352
1593,24
1593,2352
1593,2473
1594,107
1594,214
1594,1526
1594,1635
1595,1083
1595,1141
1595,1854
1596,516
1596,1077
1596,1597
1596,1766
1597,784
1597,1596
1598,27
1598,47
1598,1599
1598,2360
1599,47
1599,138
1599,779
1599,1274
1599,1598
1599,2360
1600,401
1600,535
1600,2364
1600,2469
1601,274
1601,276
1601,535
1601,1335
1601,2364
1601,2460
1602,0
1602,1371
1602,1603
1602,1604
1603,524
1603,657
1603,1602
1603,1604
1604,524
1604,717
1604,1602
1604,1603
1604,2252
1605,421
1605,2365
1605,2372
1606,128
1606,2365
1606,2372
1607,1203
1607,2367
1608,264
1608,657
1608,1305
1608,1379
1608,1586
1608,2371
1609,747
1609,1982
1609,2510
1610,209
1610,488
1610,739
1610,822
1610,1083
1610,1243
1610,1618
1611,1627
1611,1628
1611,2377
1612,0
1612,2491
1613,686
1613,1617
1613,2370
1613,2464
1614,30
1614,77
1614,653
1614,1760
1615,1377
1615,1616
1616,326
1616,1195
1616,1615
1616,1617
1616,1945
1617,0
1617,1246
1617,1587
1617,1613
1617,1616
1617,2569
1618,1540
1618,1610
1619,0
1619,1010
1620,326
1620,830
1620,1406
1621,326
1621,747
1621,830
1622,2373
1623,729
1623,1624
1624,1587
1624,1623
1625,0
1625,486
1625,488
1625,623
1625,641
1625,1386
1625,2278
1625,2645
1626,643
1626,714
1627,1589
1627,1611
1628,643
1628,857
1628,1611
1628,2674
1629,840
1630,179
1630,876
1631,2600
1632,0
1632,557
1632,1283
1632,1315
1632,1766
1632,2400
1632,2497
1633,2379
1633,2386
1634,644
1634,858
1634,877
1634,1061
1634,1287
1634,1589
1635,121
1635,1594
1635,2381
1636,1000
1636,1003
1636,2506
1636,2677
1637,642
1637,1316
1638,762
1638,1562
1638,1567
1639,0
1639,12
1639,894
1639,1558
1639,1928
1639,2359
1640,13
1640,121
1640,524
1640,605
1640,657
1640,1436
1640,1937
1641,1066
1641,1498
1641,1566
1642,445
1643,351
1643,352
1643,396
1643,1326
1643,2279
1644,891
1644,2629
1645,2387
1645,2388
1646,76
1646,1294
1646,2005
1647,173
1647,207
1648,2392
1649,573
1649,1218
1650,524
1650,657
1651,747
1651,1652
1651,2469
1652,108
1652,747
1652,1064
1652,1651
1653,186
1653,188
1653,189
1653,978
1653,1924
1654,0
1654,809
1654,2482
1655,1321
1655,1779
1655,2479
1655,2683
1656,706
1656,1182
1656,1183
1656,2486
1657,9
1657,213
1657,786
1657,880
1657,2626
1659,1488
1659,1548
1659,2407
1660,2408
1661,1349
1661,2409
1662,1663
1662,1664
1662,2684
1663,174
1663,1136
1663,1662
1663,1664
1663,2411
1664,117
1664,920
1664,1662
1664,1663
1664,2684
1665,1045
1665,1840
1665,1883
1666,504
1666,1332
1666,1333
1666,1883
1667,150
1667,1668
1668,1467
1668,1667
1668,2462
1669,28
1669,87
1669,122
1669,280
1669,1019
1669,1160
1669,1187
1669,2285
1669,2416
1670,424
1670,614
1671,121
1672,821
1672,1210
1672,1261
1672,1896
1673,1210
1673,1676
1674,1210
1674,2054
1675,87
1675,121
1675,241
1675,879
1675,2413
1676,328
1676,1201
1676,1348
1676,1673
1677,52
1677,1299
1677,2421
1678,831
1678,1259
1679,1446
1680,52
1680,361
1680,452
1680,608
1681,467
1681,1686
1681,1878
1682,467
1682,550
1683,467
1684,1685
1685,178
1685,1684
1686,12
1686,349
1686,551
1686,1681
1687,194
1687,1688
1688,467
1688,551
1688,1687
1688,1966
1688,2428
1689,0
1689,1692
1690,0
1690,1344
1690,1692
1691,1344
1691,2426
1692,0
1692,975
1692,1344
1692,1689
1692,1690
1692,2429
1693,27
1693,198
1694,75
1694,474
1694,566
1694,2417
1695,15
1695,474
1695,1132
1695,1133
1696,0
1696,822
1696,1305
1697,385
1697,1422
1697,2435
1698,71
1698,379
1698,1067
1698,1783
1698,1784
1698,1892
1698,2436
1699,2437
1700,2438
1700,2452
1701,1733
1701,2626
1702,406
1702,1705
1702,1720
1702,1721
1702,1725
1702,1740
1702,1821
1702,2052
1702,2440
1702,2450
1703,1706
1703,2441
1703,2541
1704,64
1704,286
1704,1042
1705,389
1705,869
1705,1702
1705,2006
1706,1703
1706,1712
1706,1713
1706,1714
1706,1737
1706,1740
1706,1743
1706,2359
1706,2442
1706,2450
1706,2459
1706,2465
1707,1708
1707,2082
1707,2384
1707,2443
1708,120
1708,1707
1708,2443
1708,2597
1709,295
1709,745
1709,2444
1709,2521
1710,268
1710,295
1710,296
1711,1366
1711,1393
1712,295
1712,991
1712,1505
1712,1512
1712,1706
1712,1713
1712,1714
1712,1720
1712,1726
1712,2450
1712,2451
1712,2460
1712,2464
1712,2465
1713,295
1713,991
1713,1706
1713,1712
1713,1720
1713,2461
1713,2464
1714,1706
1714,1712
1715,1207
1715,1815
1716,8
1716,2686
1717,151
1717,1204
1717,1718
1717,1719
1718,245
1718,1717
1719,1717
1720,295
1720,991
1720,1702
1720,1712
1720,1713
1720,2450
1721,1702
1721,1725
1722,403
1722,526
1722,1372
1722,1731
1722,2458
1723,416
1723,1321
1723,1731
1723,1884
1723,2426
1724,1729
1724,2178
1724,2451
1725,1702
1725,1721
1725,1944
1725,2452
1726,1712
1726,1727
1726,2130
1726,2452
1726,2462
1727,452
1727,1726
1728,2462
1729,530
1729,1724
1729,2459
1729,2460
1729,2464
1730,1354
1730,1731
1730,2432
1730,2456
1731,1722
1731,1723
1731,1730
1731,1735
1731,1790
1731,2467
1731,2687
1732,1742
1732,2459
1733,1085
1733,1701
1733,1734
1733,2457
1734,969
1734,1733
1734,2457
1735,1389
1735,1731
1735,2649
1736,550
1736,1478
1736,1738
1736,1974
1736,2472
1737,478
1737,1706
1737,2459
1738,991
1738,1736
1739,295
1739,526
1739,2085
1740,150
1740,190
1740,422
1740,991
1740,1154
1740,1702
1740,1706
1741,150
1742,1732
1742,1998
1742,2640
1743,1706
1744,1494
1744,2463
1746,0
1746,188
1746,1502
1746,1750
1746,2017
1746,2470
1746,2689
1748,0
1748,1503
1749,1750
1749,2468
1749,2510
1750,261
1750,1381
1750,1502
1750,1746
1750,1749
1750,1753
1752,0
1752,186
1752,657
1752,2373
1753,31
1753,1502
1753,1750
1754,0
1754,188
1754,1344
1754,1502
1754,1575
1755,1757
1755,2473
1756,1527
1756,1757
1757,1755
1757,1756
1757,2092
1758,28
1758,978
1758,1550
1758,2200
1759,947
1759,2471
1760,328
1760,475
1760,976
1760,1614
1760,2474
1761,28
1761,267
1761,371
1761,976
1761,2269
1761,2474
1762,328
1762,976
1762,2474
1763,1790
1764,1146
1764,2477
1765,1154
1766,686
1766,1275
1766,1596
1766,1632
1767,285
1767,758
1767,1171
1767,1522
1767,1528
1767,1854
1768,695
1769,68
1769,552
1769,936
1769,1069
1769,2487
1770,71
1770,1771
1770,2489
1771,433
1771,1273
1771,1770
1771,2489
1772,2662
1773,909
1774,909
1774,1127
1775,1221
1775,2495
1775,2630
1776,795
1776,964
1776,1153
1777,149
1777,241
1777,1318
1777,2284
1778,1476
1779,1475
1779,1655
1779,1884
1779,2099
1779,2500
1780,110
1780,576
1780,1552
1780,2479
1780,2504
1780,2506
1780,2691
1781,549
1781,752
1781,1383
1782,121
1782,1067
1782,1890
1782,2079
1783,110
1783,873
1783,1698
1783,2145
1783,2504
1783,2692
1784,110
1784,1698
1784,2504
1784,2506
1785,15
1785,384
1785,1274
1785,1786
1785,2508
1786,1785
1786,2508
1787,110
1787,1556
1787,2508
1788,1791
1788,2513
1789,136
1789,301
1789,323
1789,1398
1790,582
1790,822
1790,1134
1790,1195
1790,1483
1790,1731
1790,1763
1791,1788
1791,2171
1792,617
1792,1167
1792,1794
1793,295
1793,1519
1793,1794
1794,926
1794,1172
1794,1240
1794,1792
1794,1793
1795,15
1795,126
1795,328
1795,1796
1796,433
1796,614
1796,1105
1796,1795
1797,1443
1797,1444
1798,84
1798,1423
1798,1923
1799,407
1799,417
1799,774
1799,2677
1800,407
1800,408
1801,286
1801,407
1801,408
1801,417
1801,1966
1801,2672
1802,456
1802,462
1802,463
1802,464
1802,568
1803,464
1803,1146
1804,458
1804,1330
1805,286
1805,396
1805,472
1805,887
1805,2117
1807,480
1808,1136
1808,1346
1809,1261
1809,1262
1809,2149
1810,270
1810,717
1810,1812
1811,0
1811,811
1812,717
1812,1011
1812,1338
1812,1810
1813,0
1813,50
1813,328
1813,1140
1813,1252
1813,1815
1814,1252
1814,2528
1815,50
1815,52
1815,531
1815,1025
1815,1578
1815,1715
1815,1813
1815,1816
1816,50
1816,52
1816,500
1816,1252
1816,1578
1816,1815
1816,2444
1818,278
1818,1177
1818,1367
1819,175
1819,176
1819,2533
1820,2361
1821,658
1821,1231
1821,1357
1821,1702
1821,2546
1822,198
1823,2229
1823,2461
1824,286
1824,680
1824,1171
1824,1827
1824,2171
1825,543
1825,1163
1825,1826
1825,2698
1826,432
1826,758
1826,1168
1826,1448
1826,1825
1826,1829
1827,543
1827,1162
1827,1528
1827,1824
1828,708
1828,758
1828,1162
1829,756
1829,758
1829,1171
1829,1826
1830,145
1830,284
1830,543
1831,1967
1831,2701
1832,232
1832,1318
1832,2543
1833,506
1833,2020
1833,2540
1834,251
1834,2542
1835,0
1835,1071
1835,2363
1835,2480
1836,536
1836,605
1837,1110
1838,202
1838,1016
1838,1111
1838,1203
1839,1418
1840,511
1840,1111
1840,1233
1840,1665
1840,1895
1841,2553
1841,2587
1841,2589
1842,1418
1842,1894
1842,2443
1843,50
1843,625
1843,844
1843,1252
1843,1253
1843,2554
1844,2555
1845,1847
1845,1848
1845,1857
1845,2166
1845,2567
1845,2568
1846,311
1846,1847
1846,1955
1847,1845
1847,1846
1847,1857
1848,1845
1849,2556
1850,85
1850,373
1850,2560
1851,2
1851,15
1851,121
1851,247
1851,2058
1852,2523
1852,2557
1852,2564
1852,2565
1853,2564
1853,2565
1854,194
1854,328
1854,1595
1854,1767
1854,2564
1854,2566
1855,2564
1856,5
1856,162
1856,163
1856,2028
1856,2389
1857,763
1857,1845
1857,1847
1858,248
1858,581
1859,28
1860,186
1861,0
1861,662
1861,1509
1861,1556
1861,1557
1862,0
1862,1349
1862,1350
1862,2650
1863,1356
1863,1893
1863,2576
1864,1210
1864,2646
1865,1210
1865,1559
1867,756
1868,1477
1868,1555
1868,2399
1869,136
1869,347
1869,1357
1869,2428
1869,2580
1870,989
1870,2585
1871,328
1871,1872
1871,1876
1872,328
1872,1871
1872,1873
1872,1876
1873,328
1873,1872
1873,1876
1874,216
1874,1876
1875,28
1876,850
1876,1871
1876,1872
1876,1873
1876,1874
1877,79
1878,551
1878,1681
1879,136
1879,301
1879,801
1879,1590
1879,2697
1880,449
1880,754
1880,1477
1881,245
1881,663
1881,1507
1882,774
1882,957
1882,1000
1883,778
1883,1665
1883,1666
1884,765
1884,1723
1884,1779
1885,71
1885,484
1885,2398
1886,352
1886,1396
1887,556
1887,2013
1888,328
1888,1930
1889,28
1889,71
1889,2184
1889,2326
1889,2535
1890,28
1890,1782
1890,2297
1891,84
1891,1107
1891,1337
1892,1698
1892,2405
1893,28
1893,1863
1894,28
1894,328
1894,1842
1894,1973
1895,28
1895,1840
1896,1210
1896,1672
1896,2152
1896,2155
1897,755
1897,811
1898,69
1898,77
1898,78
1899,582
1899,666
1899,681
1899,682
1899,814
1900,74
1900,91
1900,577
1900,838
1901,2
1901,13
1901,87
1901,118
1901,124
1902,257
1902,966
1903,850
1904,91
1904,221
1904,562
1904,849
1904,1020
1904,2073
1905,871
1906,66
1906,312
1906,397
1906,1142
1907,105
1907,310
1907,480
1908,28
1908,2097
1908,2233
1909,0
1909,71
1909,504
1909,1455
1909,1469
1910,441
1911,47
1911,1276
1912,464
1913,240
1913,371
1914,354
1914,917
1914,923
1914,924
1915,11
1915,118
1915,1256
1916,25
1916,26
1916,1081
1917,28
1917,2100
1918,44
1918,45
1919,86
1919,2505
1920,20
1920,87
1920,858
1920,1430
1922,27
1922,107
1922,108
1923,137
1923,1222
1923,1798
1924,179
1924,181
1924,701
1924,1591
1924,1653
1926,193
1927,205
1928,209
1928,1639
1929,267
1929,268
1930,269
1930,270
1930,271
1930,272
1930,1888
1930,2245
1931,273
1931,274
1931,275
1931,276
1932,136
1932,301
1932,302
1932,670
1933,2
1933,81
1933,335
1933,336
1933,2169
1934,351
1935,204
1935,355
1935,357
1935,1566
1935,2255
1936,377
1936,909
1936,1257
1937,79
1937,190
1937,1640
1938,84
1938,335
1938,411
1938,2234
1939,69
1939,74
1939,84
1939,171
1940,486
1940,487
1940,2419
1941,269
1941,271
1941,489
1942,228
1942,493
1942,494
1943,31
1943,881
1943,1542
1943,2317
1944,236
1944,497
1944,1725
1945,333
1945,502
1945,1084
1945,1137
1945,1616
1946,48
1946,511
1946,512
1946,1463
1946,2289
1946,2348
1947,407
1947,525
1947,1138
1948,528
1948,2495
1949,545
1949,546
1950,430
1950,549
1951,85
1951,554
1952,563
1952,564
1952,2699
1953,570
1954,84
1954,322
1954,379
1955,579
1955,687
1955,1096
1955,1846
1956,187
1956,581
1956,604
1956,606
1956,2486
1958,365
1958,385
1958,947
1959,291
1959,294
1960,324
1960,634
1960,635
1960,636
1960,1144
1961,49
1961,395
1961,638
1961,1052
1962,284
1962,646
1962,1449
1963,240
1963,422
1963,651
1963,652
1964,150
1965,301
1966,28
1966,307
1966,1688
1966,1801
1966,2161
1967,376
1967,509
1967,519
1967,1831
1968,249
1968,250
1968,251
1968,260
1969,240
1969,653
1969,1028
1970,20
1970,683
1971,14
1971,15
1971,379
1971,2670
1972,698
1973,705
1973,1496
1973,1894
1974,182
1974,248
1974,632
1974,1736
1975,367
1975,379
1975,1004
1976,577
1976,710
1976,711
1977,718
1977,719
1978,635
1978,727
1979,147
1979,286
1979,446
1979,479
1980,52
1980,103
1980,732
1981,289
1981,294
1982,445
1982,1007
1982,1474
1982,1609
1983,461
1983,512
1983,589
1983,742
1984,100
1984,1395
1985,68
1985,71
1985,117
1985,748
1985,1412
1986,121
1986,165
1987,760
1988,768
1988,769
1988,770
1989,772
1989,959
1989,2465
1990,535
1990,779
1990,780
1991,30
1991,307
1991,368
1992,134
1992,140
1993,25
1993,426
1994,2
1994,122
1994,527
1994,801
1994,2242
1994,2538
1995,60
1995,760
1995,2653
1996,28
1996,320
1996,328
1996,815
1996,1507
1996,2288
1997,816
1997,817
1998,72
1998,73
1998,936
1998,1742
1999,72
1999,379
1999,402
2000,47
2000,108
2000,154
2000,772
2000,1219
2001,320
2001,577
2001,2186
2001,2412
2002,2
2002,115
2002,121
2002,375
2003,222
2003,392
2003,497
2003,826
2004,67
2004,394
2004,569
2004,816
2005,12
2005,166
2005,226
2005,377
2005,1646
2006,121
2006,137
2006,421
2006,1705
2007,71
2007,270
2007,353
2007,547
2007,781
2007,2671
2008,401
2008,404
2008,1303
2009,379
2009,847
2009,1483
2010,684
2010,856
2010,2359
2011,490
2011,579
2011,763
2012,64
2012,145
2013,44
2013,337
2013,1887
2014,310
2015,114
2015,121
2015,336
2016,16
2016,529
2016,574
2016,2534
2017,888
2017,1746
2018,23
2019,72
2019,198
2019,335
2019,534
2019,687
2020,47
2020,840
2020,895
2020,896
2020,1833
2020,2471
2021,305
2022,46
2022,192
2022,297
2023,57
2023,907
2023,908
2023,995
2024,39
2024,744
2024,745
2025,165
2025,201
2026,224
2027,689
2028,111
2028,121
2028,421
2028,1856
2029,364
2029,871
2030,921
2030,2245
2031,351
2031,352
2031,364
2031,922
2032,121
2032,375
2033,690
2034,205
2034,220
2034,230
2035,109
2035,776
2035,1458
2036,240
2036,422
2036,652
2036,2280
2037,942
2038,947
2038,1162
2039,49
2039,95
2039,108
2039,254
2040,54
2040,102
2041,27
2041,340
2041,341
2041,980
2042,54
2042,981
2043,91
2043,111
2043,318
2044,71
2044,963
2045,387
2045,778
2046,30
2046,201
2046,415
2046,992
2047,119
2047,121
2047,555
2047,745
2047,996
2047,1027
2048,325
2048,2342
2049,36
2049,503
2049,757
2050,44
2051,1018
2052,333
2052,1702
2053,130
2053,1032
2054,173
2054,1038
2054,1039
2054,1674
2055,15
2055,71
2055,84
2055,384
2055,711
2055,989
2055,1046
2056,1047
2056,2117
2056,2684
2057,1
2058,237
2058,1072
2058,1851
2059,0
2059,122
2059,1073
2060,1074
2061,71
2061,371
2062,84
2062,158
2062,519
2063,44
2064,965
2064,1126
2065,3
2065,36
2065,165
2065,378
2065,1095
2066,1111
2067,973
2067,1113
2067,2314
2068,1012
2068,1050
2069,121
2069,774
2070,63
2070,1042
2071,282
2071,797
2071,1116
2071,1229
2072,87
2072,266
2072,388
2072,1117
2073,708
2073,1057
2073,1904
2074,482
2074,728
2074,1052
2074,1129
2074,1463
2075,108
2075,396
2076,47
2076,67
2076,173
2077,49
2077,84
2077,158
2078,956
2079,23
2079,494
2079,557
2079,1141
2079,1782
2080,394
2081,78
2081,259
2081,700
2082,63
2082,487
2082,1143
2082,1144
2082,1707
2082,2484
2083,358
2083,683
2083,1047
2083,1145
2084,531
2084,861
2084,862
2084,2376
2085,1149
2085,1739
2086,48
2087,79
2087,201
2087,320
2087,361
2087,1166
2087,2559
2088,1157
2088,2505
2089,28
2089,188
2089,399
2089,504
2089,1159
2089,2700
2090,2
2090,114
2090,121
2090,336
2090,2288
2091,490
2091,1181
2092,121
2092,1757
2092,2277
2093,142
2093,277
2093,1186
2093,1187
2093,1188
2093,2466
2094,376
2095,13
2095,121
2095,259
2095,916
2095,1194
2096,30
2097,855
2097,1908
2097,2267
2098,337
2098,594
2098,1501
2099,16
2099,39
2099,1779
2099,2172
2100,367
2100,984
2100,1917
2101,403
2102,649
2102,1223
2102,1257
2103,134
2103,870
2104,220
2104,224
2104,230
2104,558
2104,894
2104,2651
2105,1088
2106,635
2106,761
2106,1126
2106,1391
2106,2235
2107,711
2107,838
2107,1232
2108,1235
2108,2213
2109,1239
2110,1241
2110,2548
2111,200
2111,228
2111,280
2111,445
2111,2496
2112,11
2112,1121
2113,133
2113,1021
2114,317
2114,320
2114,1059
2115,545
2115,1068
2116,1245
2116,1463
2116,2441
2116,2491
2117,0
2117,13
2117,1805
2117,2056
2118,52
2118,84
2118,1210
2119,52
2119,766
2119,778
2119,820
2119,1510
2119,2179
2120,1258
2121,121
2121,165
2121,229
2121,544
2121,1020
2122,0
2122,498
2122,789
2122,1052
2122,1275
2123,424
2123,846
2123,1086
2123,1276
2123,1431
2124,169
2125,56
2125,1278
2126,555
2126,959
2126,1200
2127,13
2127,121
2127,1020
2127,1556
2127,2415
2128,87
2128,124
2128,1588
2128,2445
2128,2661
2129,906
2129,1284
2130,668
2130,1325
2130,1726
2131,0
2131,43
2131,1288
2132,766
2132,1040
2133,72
2133,1292
2133,2157
2133,2456
2134,207
2134,348
2134,361
2134,841
2135,28
2135,472
2136,967
2137,4
2137,320
2138,28
2138,328
2139,829
2139,1130
2140,54
2140,1301
2141,69
2141,74
2141,75
2141,815
2141,1051
2142,54
2142,664
2143,0
2143,822
2143,1021
2143,1304
2143,1305
2144,201
2144,603
2145,14
2145,28
2145,84
2145,207
2145,1307
2145,1783
2146,87
2146,993
2147,28
2147,905
2147,1308
2148,516
2148,1181
2149,1
2149,328
2149,568
2149,1310
2149,1311
2149,1312
2149,1809
2150,35
2150,1174
2150,1246
2150,1314
2151,1315
2151,2655
2152,153
2152,279
2152,662
2152,1053
2152,1896
2153,28
2153,389
2153,491
2154,115
2154,413
2155,82
2155,563
2155,610
2155,1332
2155,1896
2156,333
2156,648
2156,730
2156,935
2156,1142
2157,1326
2157,2133
2158,129
2158,140
2159,291
2161,33
2161,1041
2161,1334
2161,1966
2161,2344
2162,50
2162,52
2162,1043
2162,1335
2163,132
2163,490
2163,579
2163,1465
2164,72
2164,639
2165,154
2165,1078
2166,68
2166,129
2166,690
2166,1845
2167,347
2167,348
2167,465
2167,1070
2167,1205
2167,1351
2168,781
2168,856
2168,1247
2169,122
2169,1933
2170,965
2170,2604
2170,2681
2171,1024
2171,1791
2171,1824
2172,283
2172,1398
2172,2099
2173,350
2173,1552
2173,2595
2174,48
2174,131
2174,177
2174,512
2175,786
2175,1483
2176,33
2176,150
2177,87
2177,124
2177,416
2178,333
2178,529
2178,845
2178,1724
2179,502
2179,845
2179,1242
2179,2119
2180,20
2180,347
2181,15
2181,1208
2182,28
2182,559
2183,144
2183,504
2183,513
2183,2650
2184,564
2184,1889
2185,333
2186,35
2186,48
2186,49
2186,2001
2187,1021
2188,579
2188,763
2188,909
2189,1383
2190,468
2190,1100
2190,1384
2190,1563
2191,30
2191,641
2191,654
2192,149
2192,900
2192,962
2193,222
2194,1207
2195,0
2195,644
2195,1026
2195,1217
2196,693
2196,724
2196,815
2197,723
2197,1230
2197,1231
2197,1391
2197,2466
2198,28
2199,121
2199,165
2199,1020
2199,2580
2200,47
2200,614
2200,702
2200,1158
2200,1758
2202,708
2202,1026
2202,1057
2203,2
2203,121
2203,2519
2204,1097
2205,54
2205,102
2205,246
2205,2301
2206,7
2206,334
2206,2312
2207,853
2208,406
2208,1246
2209,2
2209,165
2209,297
2209,477
2210,43
2210,386
2210,1038
2210,2397
2211,42
2211,1315
2212,501
2212,705
2212,1491
2213,619
2213,752
2213,1111
2213,2108
2213,2493
2214,282
2214,283
2214,1116
2214,1507
2215,871
2215,1409
2216,153
2216,660
2216,662
2216,2593
2217,48
2217,222
2217,374
2217,710
2218,589
2218,593
2218,1320
2218,1415
2219,15
2219,1153
2220,409
2220,485
2221,182
2221,630
2222,28
2222,518
2222,905
2222,1300
2222,1510
2223,204
2223,654
2224,333
2225,1418
2226,270
2226,271
2226,489
2227,30
2227,47
2227,130
2227,2260
2228,225
2228,227
2228,231
2229,252
2229,1424
2229,1823
2230,933
2231,1426
2232,51
2233,0
2233,391
2233,809
2233,1053
2233,1054
2233,1108
2233,1908
2234,815
2234,982
2234,1938
2235,95
2235,918
2235,1115
2235,2106
2236,67
2236,273
2236,304
2236,706
2236,1357
2237,1430
2238,87
2238,121
2238,261
2239,294
2239,1013
2239,1014
2239,1136
2239,1487
2240,778
2240,1267
2241,874
2241,1433
2242,195
2242,789
2242,793
2242,794
2242,1293
2242,1994
2243,67
2243,589
2243,599
2243,823
2243,824
2244,2
2244,123
2245,53
2245,102
2245,920
2245,1930
2245,2030
2246,28
2246,882
2246,2587
2247,665
2247,767
2248,0
2248,256
2248,257
2248,258
2248,1359
2249,364
2249,937
2249,2647
2250,30
2250,97
2250,98
2250,99
2251,607
2251,889
2251,1134
2251,1447
2252,47
2252,1448
2252,1604
2253,201
2253,203
2254,117
2254,118
2254,120
2254,248
2254,1450
2255,56
2255,233
2255,657
2255,921
2255,1452
2255,1935
2256,1079
2257,15
2257,102
2258,28
2259,159
2260,355
2260,472
2260,2227
2261,130
2261,622
2261,698
2262,388
2263,97
2264,85
2264,147
2264,479
2265,998
2265,999
2265,1560
2266,234
2266,1287
2266,1490
2267,355
2267,552
2267,936
2267,2097
2268,340
2268,1462
2269,773
2269,1051
2269,1146
2269,1761
2271,796
2271,1168
2271,1427
2272,963
2273,49
2273,95
2273,171
2273,670
2273,1090
2274,561
2274,854
2274,1245
2275,121
2275,135
2275,323
2276,15
2276,1282
2277,448
2277,2092
2278,411
2278,1301
2278,1625
2279,490
2279,491
2279,492
2279,1643
2280,52
2280,436
2280,1279
2280,1386
2280,2036
2281,45
2281,73
2281,143
2281,459
2281,1120
2281,2352
2282,293
2282,484
2282,855
2282,1207
2283,661
2283,1486
2284,148
2284,149
2284,241
2284,242
2284,1777
2285,1076
2285,1669
2287,1487
2287,2638
2288,350
2288,611
2288,713
2288,1190
2288,1488
2288,1489
2288,1491
2288,1996
2288,2090
2289,121
2289,124
2289,958
2289,1239
2289,1946
2290,379
2290,464
2291,543
2291,1164
2292,415
2292,982
2293,198
2293,1346
2294,49
2294,355
2294,411
2295,128
2297,464
2297,470
2297,1191
2297,1890
2298,71
2299,187
2299,581
2299,604
2300,941
2300,1157
2300,1422
2301,0
2301,6
2301,41
2301,72
2301,1270
2301,2205
2302,596
2302,698
2302,1506
2303,447
2304,74
2304,76
2305,146
2305,503
2305,925
2305,1356
2306,809
2306,1255
2306,1266
2307,571
2308,71
2308,426
2308,1425
2309,1110
2309,1510
2310,483
2310,579
2310,707
2310,1511
2310,2611
2311,447
2312,1512
2312,2206
2313,68
2313,132
2313,1513
2313,1515
2313,1516
2313,2470
2314,1517
2314,2067
2314,2492
2315,982
2316,297
2316,982
2317,2
2317,407
2317,423
2317,1943
2318,71
2318,1368
2319,15
2319,34
2319,291
2319,328
2319,1189
2319,1520
2319,1568
2320,850
2321,1523
2322,226
2322,2365
2323,385
2323,622
2323,1509
2324,0
2324,822
2325,285
2326,18
2326,682
2326,1540
2326,1889
2327,1541
2327,2395
2328,729
2329,729
2329,1543
2330,47
2330,1545
2330,2363
2331,214
2332,1550
2333,471
2333,1103
2333,1153
2333,1241
2333,1290
2333,1551
2334,89
2334,342
2334,1158
2334,1269
2335,755
2336,0
2336,809
2336,1255
2337,1217
2338,2379
2339,1571
2340,0
2340,669
2341,873
2341,1572
2342,0
2342,571
2342,1575
2342,2048
2343,215
2344,121
2344,413
2344,843
2344,1118
2344,2161
2345,642
2345,935
2345,949
2346,0
2346,280
2346,906
2346,2565
2347,642
2347,922
2347,1582
2348,352
2348,1946
2349,353
2349,532
2349,771
2349,2584
2350,113
2350,732
2350,1533
2350,1591
2351,68
2351,515
2352,1592
2352,1593
2352,2281
2353,0
2353,831
2353,1349
2353,1350
2354,173
2354,647
2355,72
2355,73
2356,401
2356,1399
2357,28
2357,71
2357,87
2358,18
2358,328
2359,1639
2359,1706
2359,2010
2360,779
2360,1104
2360,1129
2360,1598
2360,1599
2361,71
2361,1137
2361,1820
2362,535
2362,1109
2363,350
2363,1835
2363,2330
2364,535
2364,779
2364,1600
2364,1601
2365,1589
2365,1605
2365,1606
2365,2322
2366,0
2366,846
2367,1246
2367,1607
2367,2401
2368,0
2369,504
2369,1195
2370,914
2370,1066
2370,1389
2370,1498
2370,1566
2370,1613
2371,1608
2372,775
2372,1589
2372,1605
2372,1606
2373,643
2373,1622
2373,1752
2374,0
2374,202
2374,572
2374,1246
2375,399
2375,905
2376,524
2376,1066
2376,1073
2376,2084
2377,522
2377,1611
2378,858
2378,2486
2379,993
2379,1633
2379,2338
2380,380
2381,620
2381,1172
2381,1635
2382,121
2382,416
2383,97
2383,684
2384,15
2384,104
2384,854
2384,1707
2385,27
2385,135
2385,301
2386,121
2386,136
2386,424
2386,1234
2386,1633
2387,809
2387,1645
2387,2502
2388,1645
2389,1856
2390,122
2390,205
2390,462
2390,464
2390,568
2392,679
2392,1648
2393,1170
2393,1172
2394,186
2394,657
2394,1418
2395,470
2395,838
2395,1045
2395,1190
2395,1546
2395,2327
2396,0
2396,240
2396,652
2396,2600
2397,464
2397,627
2397,1555
2397,2210
2398,681
2398,1218
2398,1251
2398,1885
2399,290
2399,293
2399,1868
2400,1217
2400,1553
2400,1568
2400,1632
2401,0
2401,234
2401,747
2401,809
2401,2367
2402,0
2402,712
2402,906
2402,1565
2403,20
2403,67
2403,358
2404,1182
2404,1183
2404,1184
2405,786
2405,1892
2405,2439
2406,768
2406,784
2406,839
2406,917
2406,1166
2406,1172
2407,1659
2408,1660
2409,1661
2410,128
2410,1397
2411,1663
2412,196
2412,517
2412,1058
2412,1200
2412,2001
2413,87
2413,111
2413,115
2413,1675
2414,740
2414,1210
2414,2429
2415,1210
2415,2127
2415,2690
2416,87
2416,122
2416,1547
2416,1669
2417,68
2417,205
2417,441
2417,1022
2417,1585
2417,1694
2418,2658
2419,1940
2420,333
2420,1215
2421,52
2421,1442
2421,1677
2422,815
2423,103
2423,732
2424,194
2424,467
2425,50
2425,52
2425,304
2425,724
2425,1252
2426,0
2426,1691
2426,1723
2427,1344
2427,2510
2428,71
2428,775
2428,1688
2428,1869
2429,1692
2429,2414
2429,2483
2431,71
2431,1090
2431,1373
2432,944
2432,1090
2432,1730
2433,0
2433,1074
2433,1305
2433,1313
2434,78
2434,466
2434,538
2434,848
2434,2564
2435,379
2435,767
2435,1697
2436,767
2436,1698
2437,1699
2438,1700
2438,2688
2439,286
2439,2405
2439,2590
2440,295
2440,1702
2441,1703
2441,2116
2442,1245
2442,1430
2442,1706
2443,1707
2443,1708
2443,1842
2444,285
2444,431
2444,1709
2444,1816
2445,2128
2446,565
2449,150
2450,295
2450,1702
2450,1706
2450,1712
2450,1720
2451,1712
2451,1724
2452,1700
2452,1725
2452,1726
2453,574
2454,64
2455,526
2455,984
2456,295
2456,1730
2456,2133
2457,526
2457,1353
2457,1733
2457,1734
2458,1042
2458,1255
2458,1542
2458,1722
2459,398
2459,1706
2459,1729
2459,1732
2459,1737
2460,233
2460,1601
2460,1712
2460,1729
2461,295
2461,1476
2461,1713
2461,1823
2462,1086
2462,1668
2462,1726
2462,1728
2463,152
2463,1744
2464,409
2464,1613
2464,1712
2464,1713
2464,1729
2465,1706
2465,1712
2465,1989
2466,499
2466,1050
2466,2093
2466,2197
2467,169
2467,1731
2468,580
2468,1749
2469,0
2469,31
2469,543
2469,1368
2469,1600
2469,1651
2469,2603
2470,1746
2470,2313
2471,1759
2471,2020
2472,672
2472,1736
2473,1593
2473,1755
2474,328
2474,976
2474,1171
2474,1760
2474,1761
2474,1762
2475,796
2475,797
2476,45
2476,72
2476,562
2476,640
2476,659
2476,989
2477,318
2477,1764
2478,1154
2478,2562
2479,0
2479,1342
2479,1655
2479,1780
2480,686
2480,1417
2480,1835
2481,52
2481,1253
2481,1477
2482,236
2482,1654
2482,2511
2483,976
2483,1469
2483,2429
2484,582
2484,1436
2484,2082
2485,230
2485,254
2485,346
2486,211
2486,618
2486,1148
2486,1182
2486,1183
2486,1554
2486,1656
2486,1956
2486,2378
2487,68
2487,552
2487,936
2487,1769
2488,1563
2489,1770
2489,1771
2490,28
2490,786
2491,28
2491,71
2491,1612
2491,2116
2492,0
2492,1122
2492,2314
2493,237
2493,522
2493,2213
2494,755
2495,1775
2495,1948
2496,149
2496,1125
2496,2111
2497,69
2497,70
2497,775
2497,1632
2498,224
2499,577
2499,838
2500,1779
2501,1475
2502,71
2502,549
2502,1068
2502,2387
2503,201
2503,1072
2503,1274
2504,1780
2504,1783
2504,1784
2505,84
2505,645
2505,1919
2505,2088
2506,84
2506,110
2506,310
2506,739
2506,1636
2506,1780
2506,1784
2507,52
2507,604
2507,1253
2507,1578
2508,1785
2508,1786
2508,1787
2509,68
2509,411
2509,626
2510,657
2510,1609
2510,1749
2510,2427
2511,649
2511,1257
2511,2482
2512,173
2512,513
2513,875
2513,1788
2514,319
2514,1519
2515,479
2517,52
2517,1252
2518,52
2518,102
2518,174
2518,408
2518,1209
2519,54
2519,1029
2519,2203
2520,2677
2521,751
2521,1364
2521,1709
2522,1090
2523,1852
2524,0
2524,1134
2525,0
2525,31
2526,190
2526,984
2527,1166
2528,1226
2528,1252
2528,1814
2529,827
2530,806
2530,955
2530,1087
2530,1088
2532,31
2532,488
2532,624
2533,1337
2533,1494
2533,1819
2534,75
2534,131
2534,2016
2535,1889
2536,625
2536,758
2537,746
2537,1171
2537,2566
2537,2608
2538,758
2538,1163
2538,1994
2539,607
2539,889
2539,1447
2540,802
2540,846
2540,1833
2541,33
2541,150
2541,414
2541,418
2541,1703
2542,1445
2542,1834
2543,751
2543,1448
2543,1832
2544,8
2544,27
2544,404
2545,15
2545,991
2546,8
2546,1111
2546,1821
2547,27
2547,1428
2548,28
2548,2110
2549,403
2550,344
2550,989
2550,1029
2550,1199
2551,273
2551,464
2551,527
2551,728
2552,717
2552,1129
2552,1555
2553,445
2553,566
2553,1381
2553,1841
2554,50
2554,1253
2554,1843
2555,190
2555,1844
2556,1849
2557,1852
2558,85
2558,304
2558,728
2559,1471
2559,2087
2560,84
2560,1850
2561,14
2561,85
2561,384
2561,1274
2562,28
2562,117
2562,2478
2563,668
2563,971
2563,1330
2563,2620
2564,161
2564,1852
2564,1853
2564,1854
2564,1855
2564,2434
2565,1202
2565,1852
2565,1853
2565,2346
2566,1854
2566,2537
2567,1845
2568,1098
2568,1845
2569,642
2569,1617
2570,0
2570,31
2570,488
2571,989
2572,0
2572,640
2572,735
2573,1380
2576,632
2576,1863
2577,946
2577,1129
2578,1312
2578,1469
2578,1563
2580,1869
2580,2199
2581,1380
2582,438
2582,814
2582,894
2582,1082
2582,2701
2583,14
2583,15
2583,1422
2584,50
2584,318
2584,1252
2584,2349
2585,1870
2586,1371
2587,973
2587,1520
2587,1841
2587,2246
2588,85
2588,509
2588,544
2589,1506
2589,1841
2590,49
2590,2439
2591,28
2591,400
2592,149
2592,241
2592,447
2592,467
2592,944
2592,1564
2593,464
2593,508
2593,509
2593,2216
2594,559
2595,15
2595,231
2595,379
2595,522
2595,672
2595,2173
2596,333
2596,522
2596,529
2596,703
2597,749
2597,1708
2598,464
2598,509
2599,71
2599,381
2599,453
2599,675
2599,2613
2600,67
2600,823
2600,824
2600,1631
2600,2396
2601,131
2601,250
2601,513
2601,549
2601,853
2602,304
2602,654
2603,879
2603,2469
2604,838
2604,2170
2605,974
2605,2673
2606,0
2606,266
2606,809
2606,822
2607,258
2607,418
2608,131
2608,513
2608,549
2608,2537
2609,463
2609,724
2609,1096
2609,1190
2609,1480
2610,0
2611,62
2611,1555
2611,2310
2612,505
2612,583
2612,708
2613,65
2613,298
2613,368
2613,510
2613,784
2613,2599
2614,1236
2615,71
2615,381
2615,453
2615,675
2616,657
2617,747
2617,1104
2617,1105
2617,1277
2618,101
2618,1016
2619,122
2619,325
2620,187
2620,2563
2622,1365
2623,1146
2623,1288
2624,19
2624,43
2624,419
2624,1200
2625,464
2625,508
2625,509
2626,437
2626,1657
2626,1701
2627,84
2628,325
2628,827
2629,852
2629,1273
2629,1336
2629,1402
2629,1644
2630,1336
2630,1775
2631,131
2631,513
2631,1392
2632,749
2632,1102
2633,196
2633,1326
2633,1420
2634,1026
2634,1161
2634,1381
2635,377
2635,837
2637,118
2637,223
2637,435
2638,374
2638,897
2638,1280
2638,2287
2639,0
2640,313
2640,1742
2641,169
2641,1162
2641,1434
2641,1456
2641,1562
2642,42
2642,70
2642,283
2642,1038
2643,1378
2644,207
2644,374
2644,1482
2645,42
2645,415
2645,1038
2645,1625
2646,139
2646,1543
2646,1864
2647,40
2647,614
2647,760
2647,2249
2648,72
2648,131
2649,222
2649,1319
2649,1542
2649,1735
2650,1254
2650,1323
2650,1862
2650,2183
2651,47
2651,1391
2651,1571
2651,2104
2652,298
2652,624
2652,784
2653,67
2653,214
2653,1995
2654,591
2654,1063
2654,1145
2655,0
2655,266
2655,809
2655,2151
2656,166
2656,438
2656,1071
2657,1017
2657,1501
2657,1502
2657,1503
2658,549
2658,1389
2658,2418
2659,40
2660,40
2660,43
2660,760
2660,1201
2661,327
2661,2128
2662,465
2662,1349
2662,1350
2662,1772
2663,833
2664,151
2664,184
2664,640
2665,35
2665,188
2665,975
2665,1257
2665,1553
2666,0
2666,906
2666,922
2666,1584
2667,187
2667,498
2667,1317
2668,233
2668,724
2668,1035
2669,173
2669,341
2669,790
2669,903
2669,1017
2670,333
2670,1971
2671,2007
2672,1801
2673,282
2673,1138
2673,2605
2674,1628
2675,384
2675,643
2675,858
2676,241
2677,1582
2677,1636
2677,1799
2677,2520
2678,75
2678,1109
2678,1254
2679,329
2679,472
2679,1445
2680,524
2680,657
2680,768
2681,0
2681,809
2681,822
2681,879
2681,1567
2681,2170
2682,20
2682,22
2682,120
2682,411
2683,774
2683,975
2683,1186
2683,1655
2684,1662
2684,1664
2684,2056
2685,379
2685,709
2686,1466
2686,1479
2686,1716
2687,1121
2687,1428
2687,1731
2688,532
2688,904
2688,2438
2689,112
2689,1501
2689,1502
2689,1746
2690,149
2690,1124
2690,1125
2690,2415
2691,110
2691,1207
2691,1274
2691,1480
2691,1780
2692,110
2692,1783
2693,28
2694,1436
2694,1455
2694,1562
2695,486
2696,543
2696,1522
2697,266
2697,1879
2698,364
2698,543
2698,591
2698,625
2698,1162
2698,1825
2699,543
2699,1952
2700,71
2700,381
2700,453
2700,675
2700,812
2700,2089
2701,976
2701,1831
2701,2582
2702,0
2702,266
2702,696
2702,809
2702,822
2702,1242
2704,1036
2705,1262
2705,1263
